Connectivity Matrix
Element: 1 -->     1     2     3
Element: 2 -->     4     5     6
Element: 3 -->     7     8     9
Element: 4 -->    10    11    12
Element: 5 -->    13    14    15
Element: 6 -->    16    17    18
 
Global Coordinate Matrix
Node: 1 x-coord -->   0.000
Node: 2 x-coord -->   0.500
Node: 3 x-coord -->   1.000
Node: 4 x-coord -->   1.000
Node: 5 x-coord -->   1.500
Node: 6 x-coord -->   2.000
Node: 7 x-coord -->   2.000
Node: 8 x-coord -->   2.500
Node: 9 x-coord -->   3.000
Node:10 x-coord -->   3.000
Node:11 x-coord -->   3.500
Node:12 x-coord -->   4.000
Node:13 x-coord -->   4.000
Node:14 x-coord -->   4.500
Node:15 x-coord -->   5.000
Node:16 x-coord -->   5.000
Node:17 x-coord -->   5.500
Node:18 x-coord -->   6.000
 
Start steady state calculation
 
Nonlinear iteration  1
*****************************************
(A-D) element Matrix gaussian integration element-->  1
  2.850992E+00 -3.011282E+00  1.602896E-01
 -3.011282E+00  3.873158E+00 -8.618765E-01
  1.602896E-01 -8.618765E-01  7.015869E-01
D element 1 surface 2 Matrix gaussian integration element-->  1
  0.000000E+00  0.000000E+00  0.000000E+00
  0.000000E+00  0.000000E+00  0.000000E+00
  0.000000E+00  0.000000E+00  0.000000E+00
D last element surface 1 Matrix gaussian integration element-->  1
  0.000000E+00  0.000000E+00  0.000000E+00
  0.000000E+00  0.000000E+00  0.000000E+00
  0.000000E+00  0.000000E+00  0.000000E+00
 
f element vector element:  1
 -1.976258E-01  1.557821E+00  4.012231E-01
*****************************************
 
Nonlinear iteration  1
*****************************************
(A-D) element Matrix gaussian integration element-->  2
  2.783772E+00 -3.360915E+00  5.771429E-01
 -3.360915E+00  5.540571E+00 -2.179657E+00
  5.771429E-01 -2.179657E+00  1.602514E+00
D element 1 surface 2 Matrix gaussian integration element-->  2
  0.000000E+00  0.000000E+00  0.000000E+00
  0.000000E+00  0.000000E+00  0.000000E+00
  0.000000E+00  0.000000E+00  0.000000E+00
D last element surface 1 Matrix gaussian integration element-->  2
  0.000000E+00  0.000000E+00  0.000000E+00
  0.000000E+00  0.000000E+00  0.000000E+00
  0.000000E+00  0.000000E+00  0.000000E+00
 
f element vector element:  2
 -2.466989E-01  1.944649E+00  5.008521E-01
*****************************************
 
Nonlinear iteration  1
*****************************************
(A-D) element Matrix gaussian integration element-->  3
  2.783772E+00 -3.360915E+00  5.771429E-01
 -3.360915E+00  5.540571E+00 -2.179657E+00
  5.771429E-01 -2.179657E+00  1.602514E+00
D element 1 surface 2 Matrix gaussian integration element-->  3
  0.000000E+00  0.000000E+00  0.000000E+00
  0.000000E+00  0.000000E+00  0.000000E+00
  0.000000E+00  0.000000E+00  0.000000E+00
D last element surface 1 Matrix gaussian integration element-->  3
  0.000000E+00  0.000000E+00  0.000000E+00
  0.000000E+00  0.000000E+00  0.000000E+00
  0.000000E+00  0.000000E+00  0.000000E+00
 
f element vector element:  3
 -2.882762E-01  2.272389E+00  5.852630E-01
*****************************************
 
Nonlinear iteration  1
*****************************************
(A-D) element Matrix gaussian integration element-->  4
  2.783772E+00 -3.360915E+00  5.771429E-01
 -3.360915E+00  5.540571E+00 -2.179657E+00
  5.771429E-01 -2.179657E+00  1.602514E+00
D element 1 surface 2 Matrix gaussian integration element-->  4
  0.000000E+00  0.000000E+00  0.000000E+00
  0.000000E+00  0.000000E+00  0.000000E+00
  0.000000E+00  0.000000E+00  0.000000E+00
D last element surface 1 Matrix gaussian integration element-->  4
  0.000000E+00  0.000000E+00  0.000000E+00
  0.000000E+00  0.000000E+00  0.000000E+00
  0.000000E+00  0.000000E+00  0.000000E+00
 
f element vector element:  4
 -3.210944E-01  2.531084E+00  6.518909E-01
*****************************************
 
Nonlinear iteration  1
*****************************************
(A-D) element Matrix gaussian integration element-->  5
  2.783772E+00 -3.360915E+00  5.771429E-01
 -3.360915E+00  5.540571E+00 -2.179657E+00
  5.771429E-01 -2.179657E+00  1.602514E+00
D element 1 surface 2 Matrix gaussian integration element-->  5
  0.000000E+00  0.000000E+00  0.000000E+00
  0.000000E+00  0.000000E+00  0.000000E+00
  0.000000E+00  0.000000E+00  0.000000E+00
D last element surface 1 Matrix gaussian integration element-->  5
  0.000000E+00  0.000000E+00  0.000000E+00
  0.000000E+00  0.000000E+00  0.000000E+00
  0.000000E+00  0.000000E+00  0.000000E+00
 
f element vector element:  5
 -3.441562E-01  2.712874E+00  6.987115E-01
*****************************************
 
Nonlinear iteration  1
*****************************************
(A-D) element Matrix gaussian integration element-->  6
  2.783772E+00 -3.360915E+00  5.771429E-01
 -3.360915E+00  5.540571E+00 -2.179657E+00
  5.771429E-01 -2.179657E+00  1.602514E+00
D element 1 surface 2 Matrix gaussian integration element-->  6
  0.000000E+00  0.000000E+00  0.000000E+00
  0.000000E+00  0.000000E+00  0.000000E+00
  0.000000E+00  0.000000E+00  0.000000E+00
D last element surface 1 Matrix gaussian integration element-->  6
  0.000000E+00  0.000000E+00  0.000000E+00
  0.000000E+00  0.000000E+00  0.000000E+00
  0.000000E+00  0.000000E+00  0.000000E+00
 
f element vector element:  6
 -3.567611E-01  2.812234E+00  7.243021E-01
*****************************************
 
Global Assembled K matrix before B.C. imposed  
     2.851E+00    -3.011E+00     1.603E-01     0.000E+00     0.000E+00     0.000E+00     0.000E+00     0.000E+00     0.000E+00     0.000E+00     0.000E+00     0.000E+00
     0.000E+00     0.000E+00     0.000E+00     0.000E+00     0.000E+00     0.000E+00
    -3.011E+00     3.873E+00    -8.619E-01     0.000E+00     0.000E+00     0.000E+00     0.000E+00     0.000E+00     0.000E+00     0.000E+00     0.000E+00     0.000E+00
     0.000E+00     0.000E+00     0.000E+00     0.000E+00     0.000E+00     0.000E+00
     1.603E-01    -8.619E-01     7.016E-01    -1.000E+00     0.000E+00     0.000E+00     0.000E+00     0.000E+00     0.000E+00     0.000E+00     0.000E+00     0.000E+00
     0.000E+00     0.000E+00     0.000E+00     0.000E+00     0.000E+00     0.000E+00
     0.000E+00     0.000E+00     0.000E+00     2.784E+00    -3.361E+00     5.771E-01     0.000E+00     0.000E+00     0.000E+00     0.000E+00     0.000E+00     0.000E+00
     0.000E+00     0.000E+00     0.000E+00     0.000E+00     0.000E+00     0.000E+00
     0.000E+00     0.000E+00     0.000E+00    -3.361E+00     5.541E+00    -2.180E+00     0.000E+00     0.000E+00     0.000E+00     0.000E+00     0.000E+00     0.000E+00
     0.000E+00     0.000E+00     0.000E+00     0.000E+00     0.000E+00     0.000E+00
     0.000E+00     0.000E+00     0.000E+00     5.771E-01    -2.180E+00     1.603E+00    -1.000E+00     0.000E+00     0.000E+00     0.000E+00     0.000E+00     0.000E+00
     0.000E+00     0.000E+00     0.000E+00     0.000E+00     0.000E+00     0.000E+00
     0.000E+00     0.000E+00     0.000E+00     0.000E+00     0.000E+00     0.000E+00     2.784E+00    -3.361E+00     5.771E-01     0.000E+00     0.000E+00     0.000E+00
     0.000E+00     0.000E+00     0.000E+00     0.000E+00     0.000E+00     0.000E+00
     0.000E+00     0.000E+00     0.000E+00     0.000E+00     0.000E+00     0.000E+00    -3.361E+00     5.541E+00    -2.180E+00     0.000E+00     0.000E+00     0.000E+00
     0.000E+00     0.000E+00     0.000E+00     0.000E+00     0.000E+00     0.000E+00
     0.000E+00     0.000E+00     0.000E+00     0.000E+00     0.000E+00     0.000E+00     5.771E-01    -2.180E+00     1.603E+00    -1.000E+00     0.000E+00     0.000E+00
     0.000E+00     0.000E+00     0.000E+00     0.000E+00     0.000E+00     0.000E+00
     0.000E+00     0.000E+00     0.000E+00     0.000E+00     0.000E+00     0.000E+00     0.000E+00     0.000E+00     0.000E+00     2.784E+00    -3.361E+00     5.771E-01
     0.000E+00     0.000E+00     0.000E+00     0.000E+00     0.000E+00     0.000E+00
     0.000E+00     0.000E+00     0.000E+00     0.000E+00     0.000E+00     0.000E+00     0.000E+00     0.000E+00     0.000E+00    -3.361E+00     5.541E+00    -2.180E+00
     0.000E+00     0.000E+00     0.000E+00     0.000E+00     0.000E+00     0.000E+00
     0.000E+00     0.000E+00     0.000E+00     0.000E+00     0.000E+00     0.000E+00     0.000E+00     0.000E+00     0.000E+00     5.771E-01    -2.180E+00     1.603E+00
    -1.000E+00     0.000E+00     0.000E+00     0.000E+00     0.000E+00     0.000E+00
     0.000E+00     0.000E+00     0.000E+00     0.000E+00     0.000E+00     0.000E+00     0.000E+00     0.000E+00     0.000E+00     0.000E+00     0.000E+00     0.000E+00
     2.784E+00    -3.361E+00     5.771E-01     0.000E+00     0.000E+00     0.000E+00
     0.000E+00     0.000E+00     0.000E+00     0.000E+00     0.000E+00     0.000E+00     0.000E+00     0.000E+00     0.000E+00     0.000E+00     0.000E+00     0.000E+00
    -3.361E+00     5.541E+00    -2.180E+00     0.000E+00     0.000E+00     0.000E+00
     0.000E+00     0.000E+00     0.000E+00     0.000E+00     0.000E+00     0.000E+00     0.000E+00     0.000E+00     0.000E+00     0.000E+00     0.000E+00     0.000E+00
     5.771E-01    -2.180E+00     1.603E+00    -1.000E+00     0.000E+00     0.000E+00
     0.000E+00     0.000E+00     0.000E+00     0.000E+00     0.000E+00     0.000E+00     0.000E+00     0.000E+00     0.000E+00     0.000E+00     0.000E+00     0.000E+00
     0.000E+00     0.000E+00     0.000E+00     2.784E+00    -3.361E+00     5.771E-01
     0.000E+00     0.000E+00     0.000E+00     0.000E+00     0.000E+00     0.000E+00     0.000E+00     0.000E+00     0.000E+00     0.000E+00     0.000E+00     0.000E+00
     0.000E+00     0.000E+00     0.000E+00    -3.361E+00     5.541E+00    -2.180E+00
     0.000E+00     0.000E+00     0.000E+00     0.000E+00     0.000E+00     0.000E+00     0.000E+00     0.000E+00     0.000E+00     0.000E+00     0.000E+00     0.000E+00
     0.000E+00     0.000E+00     0.000E+00     5.771E-01    -2.180E+00     1.603E+00
 
Global Assembled A matrix after B.C. imposed  
     2.851E+00    -3.011E+00     1.603E-01     0.000E+00     0.000E+00     0.000E+00     0.000E+00     0.000E+00     0.000E+00     0.000E+00     0.000E+00     0.000E+00
     0.000E+00     0.000E+00     0.000E+00     0.000E+00     0.000E+00     0.000E+00
    -3.011E+00     3.873E+00    -8.619E-01     0.000E+00     0.000E+00     0.000E+00     0.000E+00     0.000E+00     0.000E+00     0.000E+00     0.000E+00     0.000E+00
     0.000E+00     0.000E+00     0.000E+00     0.000E+00     0.000E+00     0.000E+00
     1.603E-01    -8.619E-01     7.016E-01    -1.000E+00     0.000E+00     0.000E+00     0.000E+00     0.000E+00     0.000E+00     0.000E+00     0.000E+00     0.000E+00
     0.000E+00     0.000E+00     0.000E+00     0.000E+00     0.000E+00     0.000E+00
     0.000E+00     0.000E+00     0.000E+00     2.784E+00    -3.361E+00     5.771E-01     0.000E+00     0.000E+00     0.000E+00     0.000E+00     0.000E+00     0.000E+00
     0.000E+00     0.000E+00     0.000E+00     0.000E+00     0.000E+00     0.000E+00
     0.000E+00     0.000E+00     0.000E+00    -3.361E+00     5.541E+00    -2.180E+00     0.000E+00     0.000E+00     0.000E+00     0.000E+00     0.000E+00     0.000E+00
     0.000E+00     0.000E+00     0.000E+00     0.000E+00     0.000E+00     0.000E+00
     0.000E+00     0.000E+00     0.000E+00     5.771E-01    -2.180E+00     1.603E+00    -1.000E+00     0.000E+00     0.000E+00     0.000E+00     0.000E+00     0.000E+00
     0.000E+00     0.000E+00     0.000E+00     0.000E+00     0.000E+00     0.000E+00
     0.000E+00     0.000E+00     0.000E+00     0.000E+00     0.000E+00     0.000E+00     2.784E+00    -3.361E+00     5.771E-01     0.000E+00     0.000E+00     0.000E+00
     0.000E+00     0.000E+00     0.000E+00     0.000E+00     0.000E+00     0.000E+00
     0.000E+00     0.000E+00     0.000E+00     0.000E+00     0.000E+00     0.000E+00    -3.361E+00     5.541E+00    -2.180E+00     0.000E+00     0.000E+00     0.000E+00
     0.000E+00     0.000E+00     0.000E+00     0.000E+00     0.000E+00     0.000E+00
     0.000E+00     0.000E+00     0.000E+00     0.000E+00     0.000E+00     0.000E+00     5.771E-01    -2.180E+00     1.603E+00    -1.000E+00     0.000E+00     0.000E+00
     0.000E+00     0.000E+00     0.000E+00     0.000E+00     0.000E+00     0.000E+00
     0.000E+00     0.000E+00     0.000E+00     0.000E+00     0.000E+00     0.000E+00     0.000E+00     0.000E+00     0.000E+00     2.784E+00    -3.361E+00     5.771E-01
     0.000E+00     0.000E+00     0.000E+00     0.000E+00     0.000E+00     0.000E+00
     0.000E+00     0.000E+00     0.000E+00     0.000E+00     0.000E+00     0.000E+00     0.000E+00     0.000E+00     0.000E+00    -3.361E+00     5.541E+00    -2.180E+00
     0.000E+00     0.000E+00     0.000E+00     0.000E+00     0.000E+00     0.000E+00
     0.000E+00     0.000E+00     0.000E+00     0.000E+00     0.000E+00     0.000E+00     0.000E+00     0.000E+00     0.000E+00     5.771E-01    -2.180E+00     1.603E+00
    -1.000E+00     0.000E+00     0.000E+00     0.000E+00     0.000E+00     0.000E+00
     0.000E+00     0.000E+00     0.000E+00     0.000E+00     0.000E+00     0.000E+00     0.000E+00     0.000E+00     0.000E+00     0.000E+00     0.000E+00     0.000E+00
     2.784E+00    -3.361E+00     5.771E-01     0.000E+00     0.000E+00     0.000E+00
     0.000E+00     0.000E+00     0.000E+00     0.000E+00     0.000E+00     0.000E+00     0.000E+00     0.000E+00     0.000E+00     0.000E+00     0.000E+00     0.000E+00
    -3.361E+00     5.541E+00    -2.180E+00     0.000E+00     0.000E+00     0.000E+00
     0.000E+00     0.000E+00     0.000E+00     0.000E+00     0.000E+00     0.000E+00     0.000E+00     0.000E+00     0.000E+00     0.000E+00     0.000E+00     0.000E+00
     5.771E-01    -2.180E+00     1.603E+00    -1.000E+00     0.000E+00     0.000E+00
     0.000E+00     0.000E+00     0.000E+00     0.000E+00     0.000E+00     0.000E+00     0.000E+00     0.000E+00     0.000E+00     0.000E+00     0.000E+00     0.000E+00
     0.000E+00     0.000E+00     0.000E+00     2.784E+00    -3.361E+00     5.771E-01
     0.000E+00     0.000E+00     0.000E+00     0.000E+00     0.000E+00     0.000E+00     0.000E+00     0.000E+00     0.000E+00     0.000E+00     0.000E+00     0.000E+00
     0.000E+00     0.000E+00     0.000E+00    -3.361E+00     5.541E+00    -2.180E+00
     0.000E+00     0.000E+00     0.000E+00     0.000E+00     0.000E+00     0.000E+00     0.000E+00     0.000E+00     0.000E+00     0.000E+00     0.000E+00     0.000E+00
     0.000E+00     0.000E+00     0.000E+00     5.771E-01    -2.180E+00     1.603E+00
 
Global vector source Q - steady state   
 -1.976258E-01  1.557821E+00  1.545242E-01  1.944649E+00  2.125759E-01  2.272389E+00  2.641686E-01  2.531084E+00  3.077347E-01  2.712874E+00  3.419504E-01  2.812234E+00
  7.243021E-01  0.000000E+00  0.000000E+00  0.000000E+00  0.000000E+00  0.000000E+00
 
Nonlinear iteration  2
*****************************************
(A-D) element Matrix gaussian integration element-->  1
  1.270244E+00 -1.341660E+00  7.141615E-02
 -1.341660E+00  1.725665E+00 -3.840044E-01
  7.141615E-02 -3.840044E-01  3.125882E-01
D element 1 surface 2 Matrix gaussian integration element-->  1
  0.000000E+00  0.000000E+00  0.000000E+00
  0.000000E+00  0.000000E+00  0.000000E+00
  0.000000E+00  0.000000E+00  0.000000E+00
D last element surface 1 Matrix gaussian integration element-->  1
  0.000000E+00  0.000000E+00  0.000000E+00
  0.000000E+00  0.000000E+00  0.000000E+00
  0.000000E+00  0.000000E+00  0.000000E+00
 
f element vector element:  1
 -8.805110E-02  6.940787E-01  1.787628E-01
*****************************************
 
Nonlinear iteration  2
*****************************************
(A-D) element Matrix gaussian integration element-->  2
  1.240294E+00 -1.497437E+00  2.571429E-01
 -1.497437E+00  2.468571E+00 -9.711341E-01
  2.571429E-01 -9.711341E-01  7.139912E-01
D element 1 surface 2 Matrix gaussian integration element-->  2
  0.000000E+00  0.000000E+00  0.000000E+00
  0.000000E+00  0.000000E+00  0.000000E+00
  0.000000E+00  0.000000E+00  0.000000E+00
D last element surface 1 Matrix gaussian integration element-->  2
  0.000000E+00  0.000000E+00  0.000000E+00
  0.000000E+00  0.000000E+00  0.000000E+00
  0.000000E+00  0.000000E+00  0.000000E+00
 
f element vector element:  2
 -1.099154E-01  8.664277E-01  2.231519E-01
*****************************************
 
Nonlinear iteration  2
*****************************************
(A-D) element Matrix gaussian integration element-->  3
  1.240294E+00 -1.497437E+00  2.571429E-01
 -1.497437E+00  2.468571E+00 -9.711341E-01
  2.571429E-01 -9.711341E-01  7.139912E-01
D element 1 surface 2 Matrix gaussian integration element-->  3
  0.000000E+00  0.000000E+00  0.000000E+00
  0.000000E+00  0.000000E+00  0.000000E+00
  0.000000E+00  0.000000E+00  0.000000E+00
D last element surface 1 Matrix gaussian integration element-->  3
  0.000000E+00  0.000000E+00  0.000000E+00
  0.000000E+00  0.000000E+00  0.000000E+00
  0.000000E+00  0.000000E+00  0.000000E+00
 
f element vector element:  3
 -1.284399E-01  1.012451E+00  2.607607E-01
*****************************************
 
Nonlinear iteration  2
*****************************************
(A-D) element Matrix gaussian integration element-->  4
  1.240294E+00 -1.497437E+00  2.571429E-01
 -1.497437E+00  2.468571E+00 -9.711341E-01
  2.571429E-01 -9.711341E-01  7.139912E-01
D element 1 surface 2 Matrix gaussian integration element-->  4
  0.000000E+00  0.000000E+00  0.000000E+00
  0.000000E+00  0.000000E+00  0.000000E+00
  0.000000E+00  0.000000E+00  0.000000E+00
D last element surface 1 Matrix gaussian integration element-->  4
  0.000000E+00  0.000000E+00  0.000000E+00
  0.000000E+00  0.000000E+00  0.000000E+00
  0.000000E+00  0.000000E+00  0.000000E+00
 
f element vector element:  4
 -1.430618E-01  1.127711E+00  2.904465E-01
*****************************************
 
Nonlinear iteration  2
*****************************************
(A-D) element Matrix gaussian integration element-->  5
  1.240294E+00 -1.497437E+00  2.571429E-01
 -1.497437E+00  2.468571E+00 -9.711341E-01
  2.571429E-01 -9.711341E-01  7.139912E-01
D element 1 surface 2 Matrix gaussian integration element-->  5
  0.000000E+00  0.000000E+00  0.000000E+00
  0.000000E+00  0.000000E+00  0.000000E+00
  0.000000E+00  0.000000E+00  0.000000E+00
D last element surface 1 Matrix gaussian integration element-->  5
  0.000000E+00  0.000000E+00  0.000000E+00
  0.000000E+00  0.000000E+00  0.000000E+00
  0.000000E+00  0.000000E+00  0.000000E+00
 
f element vector element:  5
 -1.533369E-01  1.208706E+00  3.113071E-01
*****************************************
 
Nonlinear iteration  2
*****************************************
(A-D) element Matrix gaussian integration element-->  6
  1.240294E+00 -1.497437E+00  2.571429E-01
 -1.497437E+00  2.468571E+00 -9.711341E-01
  2.571429E-01 -9.711341E-01  7.139912E-01
D element 1 surface 2 Matrix gaussian integration element-->  6
  0.000000E+00  0.000000E+00  0.000000E+00
  0.000000E+00  0.000000E+00  0.000000E+00
  0.000000E+00  0.000000E+00  0.000000E+00
D last element surface 1 Matrix gaussian integration element-->  6
  0.000000E+00  0.000000E+00  0.000000E+00
  0.000000E+00  0.000000E+00  0.000000E+00
  0.000000E+00  0.000000E+00  0.000000E+00
 
f element vector element:  6
 -1.589530E-01  1.252976E+00  3.227089E-01
*****************************************
 
Global Assembled K matrix before B.C. imposed  
     4.121E+00    -4.353E+00     2.317E-01     0.000E+00     0.000E+00     0.000E+00     0.000E+00     0.000E+00     0.000E+00     0.000E+00     0.000E+00     0.000E+00
     0.000E+00     0.000E+00     0.000E+00     0.000E+00     0.000E+00     0.000E+00
    -4.353E+00     5.599E+00    -1.246E+00     0.000E+00     0.000E+00     0.000E+00     0.000E+00     0.000E+00     0.000E+00     0.000E+00     0.000E+00     0.000E+00
     0.000E+00     0.000E+00     0.000E+00     0.000E+00     0.000E+00     0.000E+00
     2.317E-01    -1.246E+00     1.014E+00    -2.000E+00     0.000E+00     0.000E+00     0.000E+00     0.000E+00     0.000E+00     0.000E+00     0.000E+00     0.000E+00
     0.000E+00     0.000E+00     0.000E+00     0.000E+00     0.000E+00     0.000E+00
     0.000E+00     0.000E+00     0.000E+00     4.024E+00    -4.858E+00     8.343E-01     0.000E+00     0.000E+00     0.000E+00     0.000E+00     0.000E+00     0.000E+00
     0.000E+00     0.000E+00     0.000E+00     0.000E+00     0.000E+00     0.000E+00
     0.000E+00     0.000E+00     0.000E+00    -4.858E+00     8.009E+00    -3.151E+00     0.000E+00     0.000E+00     0.000E+00     0.000E+00     0.000E+00     0.000E+00
     0.000E+00     0.000E+00     0.000E+00     0.000E+00     0.000E+00     0.000E+00
     0.000E+00     0.000E+00     0.000E+00     8.343E-01    -3.151E+00     2.317E+00    -2.000E+00     0.000E+00     0.000E+00     0.000E+00     0.000E+00     0.000E+00
     0.000E+00     0.000E+00     0.000E+00     0.000E+00     0.000E+00     0.000E+00
     0.000E+00     0.000E+00     0.000E+00     0.000E+00     0.000E+00     0.000E+00     4.024E+00    -4.858E+00     8.343E-01     0.000E+00     0.000E+00     0.000E+00
     0.000E+00     0.000E+00     0.000E+00     0.000E+00     0.000E+00     0.000E+00
     0.000E+00     0.000E+00     0.000E+00     0.000E+00     0.000E+00     0.000E+00    -4.858E+00     8.009E+00    -3.151E+00     0.000E+00     0.000E+00     0.000E+00
     0.000E+00     0.000E+00     0.000E+00     0.000E+00     0.000E+00     0.000E+00
     0.000E+00     0.000E+00     0.000E+00     0.000E+00     0.000E+00     0.000E+00     8.343E-01    -3.151E+00     2.317E+00    -2.000E+00     0.000E+00     0.000E+00
     0.000E+00     0.000E+00     0.000E+00     0.000E+00     0.000E+00     0.000E+00
     0.000E+00     0.000E+00     0.000E+00     0.000E+00     0.000E+00     0.000E+00     0.000E+00     0.000E+00     0.000E+00     4.024E+00    -4.858E+00     8.343E-01
     0.000E+00     0.000E+00     0.000E+00     0.000E+00     0.000E+00     0.000E+00
     0.000E+00     0.000E+00     0.000E+00     0.000E+00     0.000E+00     0.000E+00     0.000E+00     0.000E+00     0.000E+00    -4.858E+00     8.009E+00    -3.151E+00
     0.000E+00     0.000E+00     0.000E+00     0.000E+00     0.000E+00     0.000E+00
     0.000E+00     0.000E+00     0.000E+00     0.000E+00     0.000E+00     0.000E+00     0.000E+00     0.000E+00     0.000E+00     8.343E-01    -3.151E+00     2.317E+00
    -2.000E+00     0.000E+00     0.000E+00     0.000E+00     0.000E+00     0.000E+00
     0.000E+00     0.000E+00     0.000E+00     0.000E+00     0.000E+00     0.000E+00     0.000E+00     0.000E+00     0.000E+00     0.000E+00     0.000E+00     0.000E+00
     4.024E+00    -4.858E+00     8.343E-01     0.000E+00     0.000E+00     0.000E+00
     0.000E+00     0.000E+00     0.000E+00     0.000E+00     0.000E+00     0.000E+00     0.000E+00     0.000E+00     0.000E+00     0.000E+00     0.000E+00     0.000E+00
    -4.858E+00     8.009E+00    -3.151E+00     0.000E+00     0.000E+00     0.000E+00
     0.000E+00     0.000E+00     0.000E+00     0.000E+00     0.000E+00     0.000E+00     0.000E+00     0.000E+00     0.000E+00     0.000E+00     0.000E+00     0.000E+00
     8.343E-01    -3.151E+00     2.317E+00    -2.000E+00     0.000E+00     0.000E+00
     0.000E+00     0.000E+00     0.000E+00     0.000E+00     0.000E+00     0.000E+00     0.000E+00     0.000E+00     0.000E+00     0.000E+00     0.000E+00     0.000E+00
     0.000E+00     0.000E+00     0.000E+00     4.024E+00    -4.858E+00     8.343E-01
     0.000E+00     0.000E+00     0.000E+00     0.000E+00     0.000E+00     0.000E+00     0.000E+00     0.000E+00     0.000E+00     0.000E+00     0.000E+00     0.000E+00
     0.000E+00     0.000E+00     0.000E+00    -4.858E+00     8.009E+00    -3.151E+00
     0.000E+00     0.000E+00     0.000E+00     0.000E+00     0.000E+00     0.000E+00     0.000E+00     0.000E+00     0.000E+00     0.000E+00     0.000E+00     0.000E+00
     0.000E+00     0.000E+00     0.000E+00     8.343E-01    -3.151E+00     2.317E+00
 
Global Assembled A matrix after B.C. imposed  
     4.121E+00    -4.353E+00     2.317E-01     0.000E+00     0.000E+00     0.000E+00     0.000E+00     0.000E+00     0.000E+00     0.000E+00     0.000E+00     0.000E+00
     0.000E+00     0.000E+00     0.000E+00     0.000E+00     0.000E+00     0.000E+00
    -4.353E+00     5.599E+00    -1.246E+00     0.000E+00     0.000E+00     0.000E+00     0.000E+00     0.000E+00     0.000E+00     0.000E+00     0.000E+00     0.000E+00
     0.000E+00     0.000E+00     0.000E+00     0.000E+00     0.000E+00     0.000E+00
     2.317E-01    -1.246E+00     1.014E+00    -2.000E+00     0.000E+00     0.000E+00     0.000E+00     0.000E+00     0.000E+00     0.000E+00     0.000E+00     0.000E+00
     0.000E+00     0.000E+00     0.000E+00     0.000E+00     0.000E+00     0.000E+00
     0.000E+00     0.000E+00     0.000E+00     4.024E+00    -4.858E+00     8.343E-01     0.000E+00     0.000E+00     0.000E+00     0.000E+00     0.000E+00     0.000E+00
     0.000E+00     0.000E+00     0.000E+00     0.000E+00     0.000E+00     0.000E+00
     0.000E+00     0.000E+00     0.000E+00    -4.858E+00     8.009E+00    -3.151E+00     0.000E+00     0.000E+00     0.000E+00     0.000E+00     0.000E+00     0.000E+00
     0.000E+00     0.000E+00     0.000E+00     0.000E+00     0.000E+00     0.000E+00
     0.000E+00     0.000E+00     0.000E+00     8.343E-01    -3.151E+00     2.317E+00    -2.000E+00     0.000E+00     0.000E+00     0.000E+00     0.000E+00     0.000E+00
     0.000E+00     0.000E+00     0.000E+00     0.000E+00     0.000E+00     0.000E+00
     0.000E+00     0.000E+00     0.000E+00     0.000E+00     0.000E+00     0.000E+00     4.024E+00    -4.858E+00     8.343E-01     0.000E+00     0.000E+00     0.000E+00
     0.000E+00     0.000E+00     0.000E+00     0.000E+00     0.000E+00     0.000E+00
     0.000E+00     0.000E+00     0.000E+00     0.000E+00     0.000E+00     0.000E+00    -4.858E+00     8.009E+00    -3.151E+00     0.000E+00     0.000E+00     0.000E+00
     0.000E+00     0.000E+00     0.000E+00     0.000E+00     0.000E+00     0.000E+00
     0.000E+00     0.000E+00     0.000E+00     0.000E+00     0.000E+00     0.000E+00     8.343E-01    -3.151E+00     2.317E+00    -2.000E+00     0.000E+00     0.000E+00
     0.000E+00     0.000E+00     0.000E+00     0.000E+00     0.000E+00     0.000E+00
     0.000E+00     0.000E+00     0.000E+00     0.000E+00     0.000E+00     0.000E+00     0.000E+00     0.000E+00     0.000E+00     4.024E+00    -4.858E+00     8.343E-01
     0.000E+00     0.000E+00     0.000E+00     0.000E+00     0.000E+00     0.000E+00
     0.000E+00     0.000E+00     0.000E+00     0.000E+00     0.000E+00     0.000E+00     0.000E+00     0.000E+00     0.000E+00    -4.858E+00     8.009E+00    -3.151E+00
     0.000E+00     0.000E+00     0.000E+00     0.000E+00     0.000E+00     0.000E+00
     0.000E+00     0.000E+00     0.000E+00     0.000E+00     0.000E+00     0.000E+00     0.000E+00     0.000E+00     0.000E+00     8.343E-01    -3.151E+00     2.317E+00
    -2.000E+00     0.000E+00     0.000E+00     0.000E+00     0.000E+00     0.000E+00
     0.000E+00     0.000E+00     0.000E+00     0.000E+00     0.000E+00     0.000E+00     0.000E+00     0.000E+00     0.000E+00     0.000E+00     0.000E+00     0.000E+00
     4.024E+00    -4.858E+00     8.343E-01     0.000E+00     0.000E+00     0.000E+00
     0.000E+00     0.000E+00     0.000E+00     0.000E+00     0.000E+00     0.000E+00     0.000E+00     0.000E+00     0.000E+00     0.000E+00     0.000E+00     0.000E+00
    -4.858E+00     8.009E+00    -3.151E+00     0.000E+00     0.000E+00     0.000E+00
     0.000E+00     0.000E+00     0.000E+00     0.000E+00     0.000E+00     0.000E+00     0.000E+00     0.000E+00     0.000E+00     0.000E+00     0.000E+00     0.000E+00
     8.343E-01    -3.151E+00     2.317E+00    -2.000E+00     0.000E+00     0.000E+00
     0.000E+00     0.000E+00     0.000E+00     0.000E+00     0.000E+00     0.000E+00     0.000E+00     0.000E+00     0.000E+00     0.000E+00     0.000E+00     0.000E+00
     0.000E+00     0.000E+00     0.000E+00     4.024E+00    -4.858E+00     8.343E-01
     0.000E+00     0.000E+00     0.000E+00     0.000E+00     0.000E+00     0.000E+00     0.000E+00     0.000E+00     0.000E+00     0.000E+00     0.000E+00     0.000E+00
     0.000E+00     0.000E+00     0.000E+00    -4.858E+00     8.009E+00    -3.151E+00
     0.000E+00     0.000E+00     0.000E+00     0.000E+00     0.000E+00     0.000E+00     0.000E+00     0.000E+00     0.000E+00     0.000E+00     0.000E+00     0.000E+00
     0.000E+00     0.000E+00     0.000E+00     8.343E-01    -3.151E+00     2.317E+00
 
Global vector source Q - steady state   
 -2.856769E-01  2.251900E+00  2.233715E-01  2.811077E+00  3.072879E-01  3.284840E+00  3.818675E-01  3.658795E+00  4.448442E-01  3.921580E+00  4.943045E-01  4.065209E+00
  1.047011E+00  0.000000E+00  0.000000E+00  0.000000E+00  0.000000E+00  0.000000E+00
 
Nonlinear iteration  3
*****************************************
(A-D) element Matrix gaussian integration element-->  1
  1.270244E+00 -1.341660E+00  7.141615E-02
 -1.341660E+00  1.725665E+00 -3.840044E-01
  7.141615E-02 -3.840044E-01  3.125882E-01
D element 1 surface 2 Matrix gaussian integration element-->  1
  0.000000E+00  0.000000E+00  0.000000E+00
  0.000000E+00  0.000000E+00  0.000000E+00
  0.000000E+00  0.000000E+00  0.000000E+00
D last element surface 1 Matrix gaussian integration element-->  1
  0.000000E+00  0.000000E+00  0.000000E+00
  0.000000E+00  0.000000E+00  0.000000E+00
  0.000000E+00  0.000000E+00  0.000000E+00
 
f element vector element:  1
 -8.805110E-02  6.940787E-01  1.787628E-01
*****************************************
 
Nonlinear iteration  3
*****************************************
(A-D) element Matrix gaussian integration element-->  2
  1.240294E+00 -1.497437E+00  2.571429E-01
 -1.497437E+00  2.468571E+00 -9.711341E-01
  2.571429E-01 -9.711341E-01  7.139912E-01
D element 1 surface 2 Matrix gaussian integration element-->  2
  0.000000E+00  0.000000E+00  0.000000E+00
  0.000000E+00  0.000000E+00  0.000000E+00
  0.000000E+00  0.000000E+00  0.000000E+00
D last element surface 1 Matrix gaussian integration element-->  2
  0.000000E+00  0.000000E+00  0.000000E+00
  0.000000E+00  0.000000E+00  0.000000E+00
  0.000000E+00  0.000000E+00  0.000000E+00
 
f element vector element:  2
 -1.099154E-01  8.664277E-01  2.231519E-01
*****************************************
 
Nonlinear iteration  3
*****************************************
(A-D) element Matrix gaussian integration element-->  3
  1.240294E+00 -1.497437E+00  2.571429E-01
 -1.497437E+00  2.468571E+00 -9.711341E-01
  2.571429E-01 -9.711341E-01  7.139912E-01
D element 1 surface 2 Matrix gaussian integration element-->  3
  0.000000E+00  0.000000E+00  0.000000E+00
  0.000000E+00  0.000000E+00  0.000000E+00
  0.000000E+00  0.000000E+00  0.000000E+00
D last element surface 1 Matrix gaussian integration element-->  3
  0.000000E+00  0.000000E+00  0.000000E+00
  0.000000E+00  0.000000E+00  0.000000E+00
  0.000000E+00  0.000000E+00  0.000000E+00
 
f element vector element:  3
 -1.284399E-01  1.012451E+00  2.607607E-01
*****************************************
 
Nonlinear iteration  3
*****************************************
(A-D) element Matrix gaussian integration element-->  4
  1.240294E+00 -1.497437E+00  2.571429E-01
 -1.497437E+00  2.468571E+00 -9.711341E-01
  2.571429E-01 -9.711341E-01  7.139912E-01
D element 1 surface 2 Matrix gaussian integration element-->  4
  0.000000E+00  0.000000E+00  0.000000E+00
  0.000000E+00  0.000000E+00  0.000000E+00
  0.000000E+00  0.000000E+00  0.000000E+00
D last element surface 1 Matrix gaussian integration element-->  4
  0.000000E+00  0.000000E+00  0.000000E+00
  0.000000E+00  0.000000E+00  0.000000E+00
  0.000000E+00  0.000000E+00  0.000000E+00
 
f element vector element:  4
 -1.430618E-01  1.127711E+00  2.904465E-01
*****************************************
 
Nonlinear iteration  3
*****************************************
(A-D) element Matrix gaussian integration element-->  5
  1.240294E+00 -1.497437E+00  2.571429E-01
 -1.497437E+00  2.468571E+00 -9.711341E-01
  2.571429E-01 -9.711341E-01  7.139912E-01
D element 1 surface 2 Matrix gaussian integration element-->  5
  0.000000E+00  0.000000E+00  0.000000E+00
  0.000000E+00  0.000000E+00  0.000000E+00
  0.000000E+00  0.000000E+00  0.000000E+00
D last element surface 1 Matrix gaussian integration element-->  5
  0.000000E+00  0.000000E+00  0.000000E+00
  0.000000E+00  0.000000E+00  0.000000E+00
  0.000000E+00  0.000000E+00  0.000000E+00
 
f element vector element:  5
 -1.533369E-01  1.208706E+00  3.113071E-01
*****************************************
 
Nonlinear iteration  3
*****************************************
(A-D) element Matrix gaussian integration element-->  6
  1.240294E+00 -1.497437E+00  2.571429E-01
 -1.497437E+00  2.468571E+00 -9.711341E-01
  2.571429E-01 -9.711341E-01  7.139912E-01
D element 1 surface 2 Matrix gaussian integration element-->  6
  0.000000E+00  0.000000E+00  0.000000E+00
  0.000000E+00  0.000000E+00  0.000000E+00
  0.000000E+00  0.000000E+00  0.000000E+00
D last element surface 1 Matrix gaussian integration element-->  6
  0.000000E+00  0.000000E+00  0.000000E+00
  0.000000E+00  0.000000E+00  0.000000E+00
  0.000000E+00  0.000000E+00  0.000000E+00
 
f element vector element:  6
 -1.589530E-01  1.252976E+00  3.227089E-01
*****************************************
 
Global Assembled K matrix before B.C. imposed  
     5.391E+00    -5.695E+00     3.031E-01     0.000E+00     0.000E+00     0.000E+00     0.000E+00     0.000E+00     0.000E+00     0.000E+00     0.000E+00     0.000E+00
     0.000E+00     0.000E+00     0.000E+00     0.000E+00     0.000E+00     0.000E+00
    -5.695E+00     7.324E+00    -1.630E+00     0.000E+00     0.000E+00     0.000E+00     0.000E+00     0.000E+00     0.000E+00     0.000E+00     0.000E+00     0.000E+00
     0.000E+00     0.000E+00     0.000E+00     0.000E+00     0.000E+00     0.000E+00
     3.031E-01    -1.630E+00     1.327E+00    -3.000E+00     0.000E+00     0.000E+00     0.000E+00     0.000E+00     0.000E+00     0.000E+00     0.000E+00     0.000E+00
     0.000E+00     0.000E+00     0.000E+00     0.000E+00     0.000E+00     0.000E+00
     0.000E+00     0.000E+00     0.000E+00     5.264E+00    -6.356E+00     1.091E+00     0.000E+00     0.000E+00     0.000E+00     0.000E+00     0.000E+00     0.000E+00
     0.000E+00     0.000E+00     0.000E+00     0.000E+00     0.000E+00     0.000E+00
     0.000E+00     0.000E+00     0.000E+00    -6.356E+00     1.048E+01    -4.122E+00     0.000E+00     0.000E+00     0.000E+00     0.000E+00     0.000E+00     0.000E+00
     0.000E+00     0.000E+00     0.000E+00     0.000E+00     0.000E+00     0.000E+00
     0.000E+00     0.000E+00     0.000E+00     1.091E+00    -4.122E+00     3.030E+00    -3.000E+00     0.000E+00     0.000E+00     0.000E+00     0.000E+00     0.000E+00
     0.000E+00     0.000E+00     0.000E+00     0.000E+00     0.000E+00     0.000E+00
     0.000E+00     0.000E+00     0.000E+00     0.000E+00     0.000E+00     0.000E+00     5.264E+00    -6.356E+00     1.091E+00     0.000E+00     0.000E+00     0.000E+00
     0.000E+00     0.000E+00     0.000E+00     0.000E+00     0.000E+00     0.000E+00
     0.000E+00     0.000E+00     0.000E+00     0.000E+00     0.000E+00     0.000E+00    -6.356E+00     1.048E+01    -4.122E+00     0.000E+00     0.000E+00     0.000E+00
     0.000E+00     0.000E+00     0.000E+00     0.000E+00     0.000E+00     0.000E+00
     0.000E+00     0.000E+00     0.000E+00     0.000E+00     0.000E+00     0.000E+00     1.091E+00    -4.122E+00     3.030E+00    -3.000E+00     0.000E+00     0.000E+00
     0.000E+00     0.000E+00     0.000E+00     0.000E+00     0.000E+00     0.000E+00
     0.000E+00     0.000E+00     0.000E+00     0.000E+00     0.000E+00     0.000E+00     0.000E+00     0.000E+00     0.000E+00     5.264E+00    -6.356E+00     1.091E+00
     0.000E+00     0.000E+00     0.000E+00     0.000E+00     0.000E+00     0.000E+00
     0.000E+00     0.000E+00     0.000E+00     0.000E+00     0.000E+00     0.000E+00     0.000E+00     0.000E+00     0.000E+00    -6.356E+00     1.048E+01    -4.122E+00
     0.000E+00     0.000E+00     0.000E+00     0.000E+00     0.000E+00     0.000E+00
     0.000E+00     0.000E+00     0.000E+00     0.000E+00     0.000E+00     0.000E+00     0.000E+00     0.000E+00     0.000E+00     1.091E+00    -4.122E+00     3.030E+00
    -3.000E+00     0.000E+00     0.000E+00     0.000E+00     0.000E+00     0.000E+00
     0.000E+00     0.000E+00     0.000E+00     0.000E+00     0.000E+00     0.000E+00     0.000E+00     0.000E+00     0.000E+00     0.000E+00     0.000E+00     0.000E+00
     5.264E+00    -6.356E+00     1.091E+00     0.000E+00     0.000E+00     0.000E+00
     0.000E+00     0.000E+00     0.000E+00     0.000E+00     0.000E+00     0.000E+00     0.000E+00     0.000E+00     0.000E+00     0.000E+00     0.000E+00     0.000E+00
    -6.356E+00     1.048E+01    -4.122E+00     0.000E+00     0.000E+00     0.000E+00
     0.000E+00     0.000E+00     0.000E+00     0.000E+00     0.000E+00     0.000E+00     0.000E+00     0.000E+00     0.000E+00     0.000E+00     0.000E+00     0.000E+00
     1.091E+00    -4.122E+00     3.030E+00    -3.000E+00     0.000E+00     0.000E+00
     0.000E+00     0.000E+00     0.000E+00     0.000E+00     0.000E+00     0.000E+00     0.000E+00     0.000E+00     0.000E+00     0.000E+00     0.000E+00     0.000E+00
     0.000E+00     0.000E+00     0.000E+00     5.264E+00    -6.356E+00     1.091E+00
     0.000E+00     0.000E+00     0.000E+00     0.000E+00     0.000E+00     0.000E+00     0.000E+00     0.000E+00     0.000E+00     0.000E+00     0.000E+00     0.000E+00
     0.000E+00     0.000E+00     0.000E+00    -6.356E+00     1.048E+01    -4.122E+00
     0.000E+00     0.000E+00     0.000E+00     0.000E+00     0.000E+00     0.000E+00     0.000E+00     0.000E+00     0.000E+00     0.000E+00     0.000E+00     0.000E+00
     0.000E+00     0.000E+00     0.000E+00     1.091E+00    -4.122E+00     3.030E+00
 
Global Assembled A matrix after B.C. imposed  
     5.391E+00    -5.695E+00     3.031E-01     0.000E+00     0.000E+00     0.000E+00     0.000E+00     0.000E+00     0.000E+00     0.000E+00     0.000E+00     0.000E+00
     0.000E+00     0.000E+00     0.000E+00     0.000E+00     0.000E+00     0.000E+00
    -5.695E+00     7.324E+00    -1.630E+00     0.000E+00     0.000E+00     0.000E+00     0.000E+00     0.000E+00     0.000E+00     0.000E+00     0.000E+00     0.000E+00
     0.000E+00     0.000E+00     0.000E+00     0.000E+00     0.000E+00     0.000E+00
     3.031E-01    -1.630E+00     1.327E+00    -3.000E+00     0.000E+00     0.000E+00     0.000E+00     0.000E+00     0.000E+00     0.000E+00     0.000E+00     0.000E+00
     0.000E+00     0.000E+00     0.000E+00     0.000E+00     0.000E+00     0.000E+00
     0.000E+00     0.000E+00     0.000E+00     5.264E+00    -6.356E+00     1.091E+00     0.000E+00     0.000E+00     0.000E+00     0.000E+00     0.000E+00     0.000E+00
     0.000E+00     0.000E+00     0.000E+00     0.000E+00     0.000E+00     0.000E+00
     0.000E+00     0.000E+00     0.000E+00    -6.356E+00     1.048E+01    -4.122E+00     0.000E+00     0.000E+00     0.000E+00     0.000E+00     0.000E+00     0.000E+00
     0.000E+00     0.000E+00     0.000E+00     0.000E+00     0.000E+00     0.000E+00
     0.000E+00     0.000E+00     0.000E+00     1.091E+00    -4.122E+00     3.030E+00    -3.000E+00     0.000E+00     0.000E+00     0.000E+00     0.000E+00     0.000E+00
     0.000E+00     0.000E+00     0.000E+00     0.000E+00     0.000E+00     0.000E+00
     0.000E+00     0.000E+00     0.000E+00     0.000E+00     0.000E+00     0.000E+00     5.264E+00    -6.356E+00     1.091E+00     0.000E+00     0.000E+00     0.000E+00
     0.000E+00     0.000E+00     0.000E+00     0.000E+00     0.000E+00     0.000E+00
