Connectivity Matrix
Element: 1 -->     1     2     3
Element: 2 -->     4     5     6
Element: 3 -->     7     8     9
Element: 4 -->    10    11    12
 
Global Coordinate Matrix
Node: 1 x-coord -->   0.000
Node: 2 x-coord -->   0.250
Node: 3 x-coord -->   0.500
Node: 4 x-coord -->   0.500
Node: 5 x-coord -->   0.750
Node: 6 x-coord -->   1.000
Node: 7 x-coord -->   1.000
Node: 8 x-coord -->   1.250
Node: 9 x-coord -->   1.500
Node:10 x-coord -->   1.500
Node:11 x-coord -->   1.750
Node:12 x-coord -->   2.000
 
Steady state solution as a function of position
 0.000     0.000
 0.250     0.707
 0.500     1.000
 0.500     1.000
 0.750     0.707
 1.000     0.000
 1.000     0.000
 1.250    -0.707
 1.500    -1.000
 1.500    -1.000
 
In transient loop
 
Nonlinear iteration  1
*****************************************
[A] element Matrix gaussian integration | element -->  1
     1.142E-01     5.798E-02    -1.420E-02
     5.798E-02     2.934E-01    -1.178E-03
    -1.420E-02    -1.178E-03     7.147E-03
[P] element Matrix gaussian integration | element -->  1
    -8.299E-01     1.028E+00    -1.977E-01
    -9.370E-01     4.733E-01     4.638E-01
     1.019E-01    -1.708E-01     6.893E-02
 
Element solution vector | element:  1
Node #--> 1       Soln:     0.000E+00
Node #--> 2       Soln:     7.071E-01
Node #--> 3       Soln:     1.000E+00
 
{Pu -f} vector | element -->   1
     5.289E-01
     7.984E-01
    -5.183E-02
 
LU Factorized [A] matrix | element -->   1
     1.142E-01     5.798E-02    -1.420E-02
     5.075E-01     2.640E-01     6.029E-03
    -1.243E-01     2.284E-02     5.245E-03
 
inverse [A]^-1 matrix | element -->   1
     1.325E+01    -2.514E+00     2.591E+01
    -2.514E+00     3.888E+00    -4.355E+00
     2.591E+01    -4.355E+00     1.907E+02
 
Nonlinear iteration  1
*****************************************
[A] element Matrix gaussian integration | element -->  2
     1.156E-01     4.991E-02    -1.836E-02
     4.991E-02     2.544E-01     2.352E-02
    -1.836E-02     2.352E-02     1.987E-02
[P] element Matrix gaussian integration | element -->  2
    -8.302E-01     1.072E+00    -2.415E-01
    -7.612E-01     2.111E-01     5.500E-01
     1.029E-01    -3.058E-01     2.030E-01
 
Element solution vector | element:  2
Node #--> 4       Soln:     1.000E+00
Node #--> 5       Soln:     7.071E-01
Node #--> 6       Soln:     1.225E-16
 
{Pu -f} vector | element -->   2
     4.565E-01
     1.865E-01
    -1.652E-01
 
LU Factorized [A] matrix | element -->   2
     1.156E-01     4.991E-02    -1.836E-02
     4.317E-01     2.328E-01     3.145E-02
    -1.588E-01     1.351E-01     1.271E-02
 
inverse [A]^-1 matrix | element -->   2
     1.316E+01    -4.161E+00     1.708E+01
    -4.161E+00     5.730E+00    -1.063E+01
     1.708E+01    -1.063E+01     7.868E+01
 
Nonlinear iteration  1
*****************************************
[A] element Matrix gaussian integration | element -->  3
     1.156E-01     4.930E-02    -1.750E-02
     4.930E-02     2.640E-01     2.069E-02
    -1.750E-02     2.069E-02     1.545E-02
[P] element Matrix gaussian integration | element -->  3
    -8.269E-01     1.064E+00    -2.375E-01
    -7.824E-01     2.289E-01     5.535E-01
     9.452E-02    -2.636E-01     1.691E-01
 
Element solution vector | element:  3
Node #--> 7       Soln:     1.225E-16
Node #--> 8       Soln:    -7.071E-01
Node #--> 9       Soln:    -1.000E+00
 
{Pu -f} vector | element -->   3
    -5.866E-02
    -5.289E-01
    -1.479E-01
 
LU Factorized [A] matrix | element -->   3
     1.156E-01     4.930E-02    -1.750E-02
     4.266E-01     2.430E-01     2.816E-02
    -1.514E-01     1.159E-01     9.542E-03
 
inverse [A]^-1 matrix | element -->   3
     1.363E+01    -4.195E+00     2.105E+01
    -4.195E+00     5.523E+00    -1.214E+01
     2.105E+01    -1.214E+01     1.048E+02
 
Nonlinear iteration  1
*****************************************
[A] element Matrix gaussian integration | element -->  4
     1.155E-01     4.928E-02    -1.744E-02
     4.928E-02     2.646E-01     2.047E-02
    -1.744E-02     2.047E-02     1.520E-02
[P] element Matrix gaussian integration | element -->  4
    -8.267E-01     1.064E+00    -2.372E-01
    -7.840E-01     2.305E-01     5.535E-01
     9.409E-02    -2.611E-01     1.670E-01
 
Element solution vector | element:  4
Node #-->10       Soln:    -1.000E+00
Node #-->11       Soln:    -7.071E-01
Node #-->12       Soln:    -2.449E-16
 
{Pu -f} vector | element -->   4
     1.579E-02
     9.216E-02
    -5.739E-02
 
LU Factorized [A] matrix | element -->   4
     1.155E-01     4.928E-02    -1.744E-02
     4.265E-01     2.436E-01     2.791E-02
    -1.509E-01     1.146E-01     9.373E-03
 
inverse [A]^-1 matrix | element -->   4
     1.366E+01    -4.192E+00     2.131E+01
    -4.192E+00     5.505E+00    -1.222E+01
     2.131E+01    -1.222E+01     1.067E+02
 
Solution Vector at time -->      0.000E+00
Position(x) Nodal
     0.000E+00     0.000E+00
     2.500E-01     7.071E-01
     5.000E-01     1.000E+00
     5.000E-01     1.000E+00
     7.500E-01     7.071E-01
     1.000E+00     1.225E-16
     1.000E+00     1.225E-16
     1.250E+00    -7.071E-01
     1.500E+00    -1.000E+00
     1.500E+00    -1.000E+00
     1.750E+00    -7.071E-01
     2.000E+00    -2.449E-16
 
Nonlinear iteration  1
*****************************************
[A] element Matrix gaussian integration | element -->  1
     1.142E-01     5.798E-02    -1.420E-02
     5.798E-02     2.934E-01    -1.178E-03
    -1.420E-02    -1.178E-03     7.147E-03
[P] element Matrix gaussian integration | element -->  1
    -8.299E-01     1.028E+00    -1.977E-01
    -9.370E-01     4.733E-01     4.638E-01
     1.019E-01    -1.708E-01     6.893E-02
 
Element solution vector | element:  1
Node #--> 1       Soln:     3.657E-02
Node #--> 2       Soln:     7.271E-01
Node #--> 3       Soln:     1.003E+00
 
{Pu -f} vector | element -->   1
     6.399E-01
     8.674E-01
    -1.087E-01
 
LU Factorized [A] matrix | element -->   1
     1.142E-01     5.798E-02    -1.420E-02
     5.075E-01     2.640E-01     6.029E-03
    -1.243E-01     2.284E-02     5.245E-03
 
inverse [A]^-1 matrix | element -->   1
     1.325E+01    -2.514E+00     2.591E+01
    -2.514E+00     3.888E+00    -4.355E+00
     2.591E+01    -4.355E+00     1.907E+02
 
Nonlinear iteration  1
*****************************************
[A] element Matrix gaussian integration | element -->  2
     1.156E-01     4.991E-02    -1.836E-02
     4.991E-02     2.544E-01     2.352E-02
    -1.836E-02     2.352E-02     1.987E-02
[P] element Matrix gaussian integration | element -->  2
    -8.302E-01     1.072E+00    -2.415E-01
    -7.612E-01     2.111E-01     5.500E-01
     1.029E-01    -3.058E-01     2.030E-01
 
Element solution vector | element:  2
Node #--> 4       Soln:     1.024E+00
Node #--> 5       Soln:     7.164E-01
Node #--> 6       Soln:    -7.185E-02
 
{Pu -f} vector | element -->   2
     4.898E-01
     1.996E-01
    -2.370E-01
 
LU Factorized [A] matrix | element -->   2
     1.156E-01     4.991E-02    -1.836E-02
     4.317E-01     2.328E-01     3.145E-02
    -1.588E-01     1.351E-01     1.271E-02
 
inverse [A]^-1 matrix | element -->   2
     1.316E+01    -4.161E+00     1.708E+01
    -4.161E+00     5.730E+00    -1.063E+01
     1.708E+01    -1.063E+01     7.868E+01
 
Nonlinear iteration  1
*****************************************
[A] element Matrix gaussian integration | element -->  3
     1.156E-01     4.930E-02    -1.750E-02
     4.930E-02     2.640E-01     2.069E-02
    -1.750E-02     2.069E-02     1.545E-02
[P] element Matrix gaussian integration | element -->  3
    -8.269E-01     1.064E+00    -2.375E-01
    -7.824E-01     2.289E-01     5.535E-01
     9.452E-02    -2.636E-01     1.691E-01
 
Element solution vector | element:  3
Node #--> 7       Soln:    -1.695E-02
Node #--> 8       Soln:    -7.159E-01
Node #--> 9       Soln:    -1.103E+00
 
{Pu -f} vector | element -->   3
     3.801E-02
    -5.617E-01
    -2.365E-01
 
LU Factorized [A] matrix | element -->   3
     1.156E-01     4.930E-02    -1.750E-02
     4.266E-01     2.430E-01     2.816E-02
    -1.514E-01     1.159E-01     9.542E-03
 
inverse [A]^-1 matrix | element -->   3
     1.363E+01    -4.195E+00     2.105E+01
    -4.195E+00     5.523E+00    -1.214E+01
     2.105E+01    -1.214E+01     1.048E+02
 
Nonlinear iteration  1
*****************************************
[A] element Matrix gaussian integration | element -->  4
     1.155E-01     4.928E-02    -1.744E-02
     4.928E-02     2.646E-01     2.047E-02
    -1.744E-02     2.047E-02     1.520E-02
[P] element Matrix gaussian integration | element -->  4
    -8.267E-01     1.064E+00    -2.372E-01
    -7.840E-01     2.305E-01     5.535E-01
     9.409E-02    -2.611E-01     1.670E-01
 
Element solution vector | element:  4
Node #-->10       Soln:    -1.014E+00
Node #-->11       Soln:    -6.957E-01
Node #-->12       Soln:    -6.913E-02
 
{Pu -f} vector | element -->   4
     1.868E-01
     3.466E-02
    -1.617E-01
 
LU Factorized [A] matrix | element -->   4
     1.155E-01     4.928E-02    -1.744E-02
     4.265E-01     2.436E-01     2.791E-02
    -1.509E-01     1.146E-01     9.373E-03
 
inverse [A]^-1 matrix | element -->   4
     1.366E+01    -4.192E+00     2.131E+01
    -4.192E+00     5.505E+00    -1.222E+01
     2.131E+01    -1.222E+01     1.067E+02
 
Solution Vector at time -->      1.000E-02
Position(x) Nodal
     0.000E+00     3.657E-02
     2.500E-01     7.271E-01
     5.000E-01     1.003E+00
     5.000E-01     1.024E+00
     7.500E-01     7.164E-01
     1.000E+00    -7.185E-02
     1.000E+00    -1.695E-02
     1.250E+00    -7.159E-01
     1.500E+00    -1.103E+00
     1.500E+00    -1.014E+00
     1.750E+00    -6.957E-01
     2.000E+00    -6.913E-02
 
Nonlinear iteration  1
*****************************************
[A] element Matrix gaussian integration | element -->  1
     1.142E-01     5.798E-02    -1.420E-02
     5.798E-02     2.934E-01    -1.178E-03
    -1.420E-02    -1.178E-03     7.147E-03
[P] element Matrix gaussian integration | element -->  1
    -8.299E-01     1.028E+00    -1.977E-01
    -9.370E-01     4.733E-01     4.638E-01
     1.019E-01    -1.708E-01     6.893E-02
 
Element solution vector | element:  1
Node #--> 1       Soln:     7.138E-02
Node #--> 2       Soln:     7.495E-01
Node #--> 3       Soln:     9.242E-01
 
{Pu -f} vector | element -->   1
     9.033E-01
     7.511E-01
    -2.188E-01
 
LU Factorized [A] matrix | element -->   1
     1.142E-01     5.798E-02    -1.420E-02
     5.075E-01     2.640E-01     6.029E-03
    -1.243E-01     2.284E-02     5.245E-03
 
inverse [A]^-1 matrix | element -->   1
     1.325E+01    -2.514E+00     2.591E+01
    -2.514E+00     3.888E+00    -4.355E+00
     2.591E+01    -4.355E+00     1.907E+02
 
Nonlinear iteration  1
*****************************************
[A] element Matrix gaussian integration | element -->  2
     1.156E-01     4.991E-02    -1.836E-02
     4.991E-02     2.544E-01     2.352E-02
    -1.836E-02     2.352E-02     1.987E-02
[P] element Matrix gaussian integration | element -->  2
    -8.302E-01     1.072E+00    -2.415E-01
    -7.612E-01     2.111E-01     5.500E-01
     1.029E-01    -3.058E-01     2.030E-01
 
Element solution vector | element:  2
Node #--> 4       Soln:     1.040E+00
Node #--> 5       Soln:     7.326E-01
Node #--> 6       Soln:    -1.959E-01
 
{Pu -f} vector | element -->   2
     7.106E-01
     6.603E-03
    -3.757E-01
 
LU Factorized [A] matrix | element -->   2
     1.156E-01     4.991E-02    -1.836E-02
     4.317E-01     2.328E-01     3.145E-02
    -1.588E-01     1.351E-01     1.271E-02
 
inverse [A]^-1 matrix | element -->   2
     1.316E+01    -4.161E+00     1.708E+01
    -4.161E+00     5.730E+00    -1.063E+01
     1.708E+01    -1.063E+01     7.868E+01
 
Nonlinear iteration  1
*****************************************
[A] element Matrix gaussian integration | element -->  3
     1.156E-01     4.930E-02    -1.750E-02
     4.930E-02     2.640E-01     2.069E-02
    -1.750E-02     2.069E-02     1.545E-02
[P] element Matrix gaussian integration | element -->  3
    -8.269E-01     1.064E+00    -2.375E-01
    -7.824E-01     2.289E-01     5.535E-01
     9.452E-02    -2.636E-01     1.691E-01
 
Element solution vector | element:  3
Node #--> 7       Soln:    -3.798E-02
Node #--> 8       Soln:    -7.198E-01
Node #--> 9       Soln:    -1.275E+00
 
{Pu -f} vector | element -->   3
     3.210E-01
    -8.341E-01
    -4.051E-01
 
LU Factorized [A] matrix | element -->   3
     1.156E-01     4.930E-02    -1.750E-02
     4.266E-01     2.430E-01     2.816E-02
    -1.514E-01     1.159E-01     9.542E-03
 
inverse [A]^-1 matrix | element -->   3
     1.363E+01    -4.195E+00     2.105E+01
    -4.195E+00     5.523E+00    -1.214E+01
     2.105E+01    -1.214E+01     1.048E+02
 
Nonlinear iteration  1
*****************************************
[A] element Matrix gaussian integration | element -->  4
     1.155E-01     4.928E-02    -1.744E-02
     4.928E-02     2.646E-01     2.047E-02
    -1.744E-02     2.047E-02     1.520E-02
[P] element Matrix gaussian integration | element -->  4
    -8.267E-01     1.064E+00    -2.372E-01
    -7.840E-01     2.305E-01     5.535E-01
     9.409E-02    -2.611E-01     1.670E-01
 
Element solution vector | element:  4
Node #-->10       Soln:    -1.024E+00
Node #-->11       Soln:    -6.818E-01
Node #-->12       Soln:    -2.061E-01
 
{Pu -f} vector | element -->   4
     5.838E-01
    -3.022E-01
    -3.578E-01
 
LU Factorized [A] matrix | element -->   4
     1.155E-01     4.928E-02    -1.744E-02
     4.265E-01     2.436E-01     2.791E-02
    -1.509E-01     1.146E-01     9.373E-03
 
inverse [A]^-1 matrix | element -->   4
     1.366E+01    -4.192E+00     2.131E+01
    -4.192E+00     5.505E+00    -1.222E+01
     2.131E+01    -1.222E+01     1.067E+02
 
Solution Vector at time -->      2.000E-02
Position(x) Nodal
     0.000E+00     7.138E-02
     2.500E-01     7.495E-01
     5.000E-01     9.242E-01
     5.000E-01     1.040E+00
     7.500E-01     7.326E-01
     1.000E+00    -1.959E-01
     1.000E+00    -3.798E-02
     1.250E+00    -7.198E-01
     1.500E+00    -1.275E+00
     1.500E+00    -1.024E+00
     1.750E+00    -6.818E-01
     2.000E+00    -2.061E-01
 
Nonlinear iteration  1
*****************************************
[A] element Matrix gaussian integration | element -->  1
     1.142E-01     5.798E-02    -1.420E-02
     5.798E-02     2.934E-01    -1.178E-03
    -1.420E-02    -1.178E-03     7.147E-03
[P] element Matrix gaussian integration | element -->  1
    -8.299E-01     1.028E+00    -1.977E-01
    -9.370E-01     4.733E-01     4.638E-01
     1.019E-01    -1.708E-01     6.893E-02
 
Element solution vector | element:  1
Node #--> 1       Soln:     1.155E-01
Node #--> 2       Soln:     7.655E-01
Node #--> 3       Soln:     7.084E-01
 
{Pu -f} vector | element -->   1
     1.426E+00
     2.804E-01
    -4.280E-01
 
LU Factorized [A] matrix | element -->   1
     1.142E-01     5.798E-02    -1.420E-02
     5.075E-01     2.640E-01     6.029E-03
    -1.243E-01     2.284E-02     5.245E-03
 
inverse [A]^-1 matrix | element -->   1
     1.325E+01    -2.514E+00     2.591E+01
    -2.514E+00     3.888E+00    -4.355E+00
     2.591E+01    -4.355E+00     1.907E+02
 
Nonlinear iteration  1
*****************************************
[A] element Matrix gaussian integration | element -->  2
     1.156E-01     4.991E-02    -1.836E-02
     4.991E-02     2.544E-01     2.352E-02
    -1.836E-02     2.352E-02     1.987E-02
[P] element Matrix gaussian integration | element -->  2
    -8.302E-01     1.072E+00    -2.415E-01
    -7.612E-01     2.111E-01     5.500E-01
     1.029E-01    -3.058E-01     2.030E-01
 
Element solution vector | element:  2
Node #--> 4       Soln:     1.069E+00
Node #--> 5       Soln:     7.433E-01
Node #--> 6       Soln:    -3.708E-01
 
{Pu -f} vector | element -->   2
     1.243E+00
    -5.802E-01
    -6.206E-01
 
LU Factorized [A] matrix | element -->   2
     1.156E-01     4.991E-02    -1.836E-02
     4.317E-01     2.328E-01     3.145E-02
    -1.588E-01     1.351E-01     1.271E-02
 
inverse [A]^-1 matrix | element -->   2
     1.316E+01    -4.161E+00     1.708E+01
    -4.161E+00     5.730E+00    -1.063E+01
     1.708E+01    -1.063E+01     7.868E+01
 
Nonlinear iteration  1
*****************************************
[A] element Matrix gaussian integration | element -->  3
     1.156E-01     4.930E-02    -1.750E-02
     4.930E-02     2.640E-01     2.069E-02
    -1.750E-02     2.069E-02     1.545E-02
[P] element Matrix gaussian integration | element -->  3
    -8.269E-01     1.064E+00    -2.375E-01
    -7.824E-01     2.289E-01     5.535E-01
     9.452E-02    -2.636E-01     1.691E-01
 
Element solution vector | element:  3
Node #--> 7       Soln:    -4.450E-02
Node #--> 8       Soln:    -7.301E-01
Node #--> 9       Soln:    -1.530E+00
 
{Pu -f} vector | element -->   3
     8.323E-01
    -1.560E+00
    -6.912E-01
 
LU Factorized [A] matrix | element -->   3
     1.156E-01     4.930E-02    -1.750E-02
     4.266E-01     2.430E-01     2.816E-02
    -1.514E-01     1.159E-01     9.542E-03
 
inverse [A]^-1 matrix | element -->   3
     1.363E+01    -4.195E+00     2.105E+01
    -4.195E+00     5.523E+00    -1.214E+01
     2.105E+01    -1.214E+01     1.048E+02
 
Nonlinear iteration  1
*****************************************
[A] element Matrix gaussian integration | element -->  4
     1.155E-01     4.928E-02    -1.744E-02
     4.928E-02     2.646E-01     2.047E-02
    -1.744E-02     2.047E-02     1.520E-02
[P] element Matrix gaussian integration | element -->  4
    -8.267E-01     1.064E+00    -2.372E-01
    -7.840E-01     2.305E-01     5.535E-01
     9.409E-02    -2.611E-01     1.670E-01
 
Element solution vector | element:  4
Node #-->10       Soln:    -1.008E+00
Node #-->11       Soln:    -6.792E-01
Node #-->12       Soln:    -4.265E-01
 
{Pu -f} vector | element -->   4
     1.240E+00
    -1.162E+00
    -6.799E-01
 
LU Factorized [A] matrix | element -->   4
     1.155E-01     4.928E-02    -1.744E-02
     4.265E-01     2.436E-01     2.791E-02
    -1.509E-01     1.146E-01     9.373E-03
 
inverse [A]^-1 matrix | element -->   4
     1.366E+01    -4.192E+00     2.131E+01
    -4.192E+00     5.505E+00    -1.222E+01
     2.131E+01    -1.222E+01     1.067E+02
 
Solution Vector at time -->      3.000E-02
Position(x) Nodal
     0.000E+00     1.155E-01
     2.500E-01     7.655E-01
     5.000E-01     7.084E-01
     5.000E-01     1.069E+00
     7.500E-01     7.433E-01
     1.000E+00    -3.708E-01
     1.000E+00    -4.450E-02
     1.250E+00    -7.301E-01
     1.500E+00    -1.530E+00
     1.500E+00    -1.008E+00
     1.750E+00    -6.792E-01
     2.000E+00    -4.265E-01
 
Nonlinear iteration  1
*****************************************
[A] element Matrix gaussian integration | element -->  1
     1.142E-01     5.798E-02    -1.420E-02
     5.798E-02     2.934E-01    -1.178E-03
    -1.420E-02    -1.178E-03     7.147E-03
[P] element Matrix gaussian integration | element -->  1
    -8.299E-01     1.028E+00    -1.977E-01
    -9.370E-01     4.733E-01     4.638E-01
     1.019E-01    -1.708E-01     6.893E-02
 
Element solution vector | element:  1
Node #--> 1       Soln:     1.865E-01
Node #--> 2       Soln:     7.592E-01
Node #--> 3       Soln:     2.497E-01
 
{Pu -f} vector | element -->   1
     2.226E+00
    -8.615E-01
    -7.734E-01
 
LU Factorized [A] matrix | element -->   1
     1.142E-01     5.798E-02    -1.420E-02
     5.075E-01     2.640E-01     6.029E-03
    -1.243E-01     2.284E-02     5.245E-03
 
inverse [A]^-1 matrix | element -->   1
     1.325E+01    -2.514E+00     2.591E+01
    -2.514E+00     3.888E+00    -4.355E+00
     2.591E+01    -4.355E+00     1.907E+02
 
Nonlinear iteration  1
*****************************************
[A] element Matrix gaussian integration | element -->  2
     1.156E-01     4.991E-02    -1.836E-02
     4.991E-02     2.544E-01     2.352E-02
    -1.836E-02     2.352E-02     1.987E-02
[P] element Matrix gaussian integration | element -->  2
    -8.302E-01     1.072E+00    -2.415E-01
    -7.612E-01     2.111E-01     5.500E-01
     1.029E-01    -3.058E-01     2.030E-01
 
Element solution vector | element:  2
Node #--> 4       Soln:     1.151E+00
Node #--> 5       Soln:     7.243E-01
Node #--> 6       Soln:    -5.851E-01
 
{Pu -f} vector | element -->   2
     2.157E+00
    -1.906E+00
    -9.953E-01
 
LU Factorized [A] matrix | element -->   2
     1.156E-01     4.991E-02    -1.836E-02
     4.317E-01     2.328E-01     3.145E-02
    -1.588E-01     1.351E-01     1.271E-02
 
inverse [A]^-1 matrix | element -->   2
     1.316E+01    -4.161E+00     1.708E+01
    -4.161E+00     5.730E+00    -1.063E+01
     1.708E+01    -1.063E+01     7.868E+01
 
Nonlinear iteration  1
*****************************************
[A] element Matrix gaussian integration | element -->  3
     1.156E-01     4.930E-02    -1.750E-02
     4.930E-02     2.640E-01     2.069E-02
    -1.750E-02     2.069E-02     1.545E-02
[P] element Matrix gaussian integration | element -->  3
    -8.269E-01     1.064E+00    -2.375E-01
    -7.824E-01     2.289E-01     5.535E-01
     9.452E-02    -2.636E-01     1.691E-01
 
Element solution vector | element:  3
Node #--> 7       Soln:    -1.111E-02
Node #--> 8       Soln:    -7.672E-01
Node #--> 9       Soln:    -1.890E+00
 
{Pu -f} vector | element -->   3
     1.472E+00
    -3.119E+00
    -1.114E+00
 
LU Factorized [A] matrix | element -->   3
     1.156E-01     4.930E-02    -1.750E-02
     4.266E-01     2.430E-01     2.816E-02
    -1.514E-01     1.159E-01     9.542E-03
 
inverse [A]^-1 matrix | element -->   3
     1.363E+01    -4.195E+00     2.105E+01
    -4.195E+00     5.523E+00    -1.214E+01
     2.105E+01    -1.214E+01     1.048E+02
 
Nonlinear iteration  1
*****************************************
[A] element Matrix gaussian integration | element -->  4
     1.155E-01     4.928E-02    -1.744E-02
     4.928E-02     2.646E-01     2.047E-02
    -1.744E-02     2.047E-02     1.520E-02
[P] element Matrix gaussian integration | element -->  4
    -8.267E-01     1.064E+00    -2.372E-01
    -7.840E-01     2.305E-01     5.535E-01
     9.409E-02    -2.611E-01     1.670E-01
 
Element solution vector | element:  4
Node #-->10       Soln:    -9.350E-01
Node #-->11       Soln:    -7.121E-01
Node #-->12       Soln:    -7.456E-01
 
{Pu -f} vector | element -->   4
     2.045E+00
    -2.963E+00
    -1.140E+00
 
LU Factorized [A] matrix | element -->   4
     1.155E-01     4.928E-02    -1.744E-02
     4.265E-01     2.436E-01     2.791E-02
    -1.509E-01     1.146E-01     9.373E-03
 
inverse [A]^-1 matrix | element -->   4
     1.366E+01    -4.192E+00     2.131E+01
    -4.192E+00     5.505E+00    -1.222E+01
     2.131E+01    -1.222E+01     1.067E+02
 
Solution Vector at time -->      4.000E-02
Position(x) Nodal
     0.000E+00     1.865E-01
     2.500E-01     7.592E-01
     5.000E-01     2.497E-01
     5.000E-01     1.151E+00
     7.500E-01     7.243E-01
     1.000E+00    -5.851E-01
     1.000E+00    -1.111E-02
     1.250E+00    -7.672E-01
     1.500E+00    -1.890E+00
     1.500E+00    -9.350E-01
     1.750E+00    -7.121E-01
     2.000E+00    -7.456E-01
 
Nonlinear iteration  1
*****************************************
[A] element Matrix gaussian integration | element -->  1
     1.142E-01     5.798E-02    -1.420E-02
     5.798E-02     2.934E-01    -1.178E-03
    -1.420E-02    -1.178E-03     7.147E-03
[P] element Matrix gaussian integration | element -->  1
    -8.299E-01     1.028E+00    -1.977E-01
    -9.370E-01     4.733E-01     4.638E-01
     1.019E-01    -1.708E-01     6.893E-02
 
Element solution vector | element:  1
Node #--> 1       Soln:     3.027E-01
Node #--> 2       Soln:     7.034E-01
Node #--> 3       Soln:    -6.106E-01
 
{Pu -f} vector | element -->   1
     3.149E+00
    -3.197E+00
    -1.272E+00
 
LU Factorized [A] matrix | element -->   1
     1.142E-01     5.798E-02    -1.420E-02
     5.075E-01     2.640E-01     6.029E-03
    -1.243E-01     2.284E-02     5.245E-03
 
inverse [A]^-1 matrix | element -->   1
     1.325E+01    -2.514E+00     2.591E+01
    -2.514E+00     3.888E+00    -4.355E+00
     2.591E+01    -4.355E+00     1.907E+02
 
Nonlinear iteration  1
*****************************************
[A] element Matrix gaussian integration | element -->  2
     1.156E-01     4.991E-02    -1.836E-02
     4.991E-02     2.544E-01     2.352E-02
    -1.836E-02     2.352E-02     1.987E-02
[P] element Matrix gaussian integration | element -->  2
    -8.302E-01     1.072E+00    -2.415E-01
    -7.612E-01     2.111E-01     5.500E-01
     1.029E-01    -3.058E-01     2.030E-01
 
Element solution vector | element:  2
Node #--> 4       Soln:     1.344E+00
Node #--> 5       Soln:     6.311E-01
Node #--> 6       Soln:    -7.971E-01
 
{Pu -f} vector | element -->   2
     3.390E+00
    -4.525E+00
    -1.488E+00
 
LU Factorized [A] matrix | element -->   2
     1.156E-01     4.991E-02    -1.836E-02
     4.317E-01     2.328E-01     3.145E-02
    -1.588E-01     1.351E-01     1.271E-02
 
inverse [A]^-1 matrix | element -->   2
     1.316E+01    -4.161E+00     1.708E+01
    -4.161E+00     5.730E+00    -1.063E+01
     1.708E+01    -1.063E+01     7.868E+01
 
Nonlinear iteration  1
*****************************************
[A] element Matrix gaussian integration | element -->  3
     1.156E-01     4.930E-02    -1.750E-02
     4.930E-02     2.640E-01     2.069E-02
    -1.750E-02     2.069E-02     1.545E-02
[P] element Matrix gaussian integration | element -->  3
    -8.269E-01     1.064E+00    -2.375E-01
    -7.824E-01     2.289E-01     5.535E-01
     9.452E-02    -2.636E-01     1.691E-01
 
Element solution vector | element:  3
Node #--> 7       Soln:     8.595E-02
Node #--> 8       Soln:    -8.660E-01
Node #--> 9       Soln:    -2.369E+00
 
{Pu -f} vector | element -->   3
     1.888E+00
    -6.102E+00
    -1.652E+00
 
LU Factorized [A] matrix | element -->   3
     1.156E-01     4.930E-02    -1.750E-02
     4.266E-01     2.430E-01     2.816E-02
    -1.514E-01     1.159E-01     9.542E-03
 
inverse [A]^-1 matrix | element -->   3
     1.363E+01    -4.195E+00     2.105E+01
    -4.195E+00     5.523E+00    -1.214E+01
     2.105E+01    -1.214E+01     1.048E+02
 
Nonlinear iteration  1
*****************************************
[A] element Matrix gaussian integration | element -->  4
     1.155E-01     4.928E-02    -1.744E-02
     4.928E-02     2.646E-01     2.047E-02
    -1.744E-02     2.047E-02     1.520E-02
[P] element Matrix gaussian integration | element -->  4
    -8.267E-01     1.064E+00    -2.372E-01
    -7.840E-01     2.305E-01     5.535E-01
     9.409E-02    -2.611E-01     1.670E-01
 
Element solution vector | element:  4
Node #-->10       Soln:    -7.744E-01
Node #-->11       Soln:    -8.216E-01
Node #-->12       Soln:    -1.164E+00
 
{Pu -f} vector | element -->   4
     2.642E+00
    -6.328E+00
    -1.705E+00
 
LU Factorized [A] matrix | element -->   4
     1.155E-01     4.928E-02    -1.744E-02
     4.265E-01     2.436E-01     2.791E-02
    -1.509E-01     1.146E-01     9.373E-03
 
inverse [A]^-1 matrix | element -->   4
     1.366E+01    -4.192E+00     2.131E+01
    -4.192E+00     5.505E+00    -1.222E+01
     2.131E+01    -1.222E+01     1.067E+02
 
Solution Vector at time -->      5.000E-02
Position(x) Nodal
     0.000E+00     3.027E-01
     2.500E-01     7.034E-01
     5.000E-01    -6.106E-01
     5.000E-01     1.344E+00
     7.500E-01     6.311E-01
     1.000E+00    -7.971E-01
     1.000E+00     8.595E-02
     1.250E+00    -8.660E-01
     1.500E+00    -2.369E+00
     1.500E+00    -7.744E-01
     1.750E+00    -8.216E-01
     2.000E+00    -1.164E+00
 
Nonlinear iteration  1
*****************************************
[A] element Matrix gaussian integration | element -->  1
     1.142E-01     5.798E-02    -1.420E-02
     5.798E-02     2.934E-01    -1.178E-03
    -1.420E-02    -1.178E-03     7.147E-03
[P] element Matrix gaussian integration | element -->  1
    -8.299E-01     1.028E+00    -1.977E-01
    -9.370E-01     4.733E-01     4.638E-01
     1.019E-01    -1.708E-01     6.893E-02
 
Element solution vector | element:  1
Node #--> 1       Soln:     4.709E-01
Node #--> 2       Soln:     5.553E-01
Node #--> 3       Soln:    -2.080E+00
 
{Pu -f} vector | element -->   1
     3.756E+00
    -7.471E+00
    -1.895E+00
 
LU Factorized [A] matrix | element -->   1
     1.142E-01     5.798E-02    -1.420E-02
     5.075E-01     2.640E-01     6.029E-03
    -1.243E-01     2.284E-02     5.245E-03
 
inverse [A]^-1 matrix | element -->   1
     1.325E+01    -2.514E+00     2.591E+01
    -2.514E+00     3.888E+00    -4.355E+00
     2.591E+01    -4.355E+00     1.907E+02
 
Nonlinear iteration  1
*****************************************
[A] element Matrix gaussian integration | element -->  2
     1.156E-01     4.991E-02    -1.836E-02
     4.991E-02     2.544E-01     2.352E-02
    -1.836E-02     2.352E-02     1.987E-02
[P] element Matrix gaussian integration | element -->  2
    -8.302E-01     1.072E+00    -2.415E-01
    -7.612E-01     2.111E-01     5.500E-01
     1.029E-01    -3.058E-01     2.030E-01
 
Element solution vector | element:  2
Node #--> 4       Soln:     1.724E+00
Node #--> 5       Soln:     3.888E-01
Node #--> 6       Soln:    -9.081E-01
 
{Pu -f} vector | element -->   2
     4.648E+00
    -9.201E+00
    -2.021E+00
 
LU Factorized [A] matrix | element -->   2
     1.156E-01     4.991E-02    -1.836E-02
     4.317E-01     2.328E-01     3.145E-02
    -1.588E-01     1.351E-01     1.271E-02
 
inverse [A]^-1 matrix | element -->   2
     1.316E+01    -4.161E+00     1.708E+01
    -4.161E+00     5.730E+00    -1.063E+01
     1.708E+01    -1.063E+01     7.868E+01
 
Nonlinear iteration  1
*****************************************
[A] element Matrix gaussian integration | element -->  3
     1.156E-01     4.930E-02    -1.750E-02
     4.930E-02     2.640E-01     2.069E-02
    -1.750E-02     2.069E-02     1.545E-02
[P] element Matrix gaussian integration | element -->  3
    -8.269E-01     1.064E+00    -2.375E-01
    -7.824E-01     2.289E-01     5.535E-01
     9.452E-02    -2.636E-01     1.691E-01
 
Element solution vector | element:  3
Node #--> 7       Soln:     2.515E-01
Node #--> 8       Soln:    -1.082E+00
Node #--> 9       Soln:    -2.962E+00
 
{Pu -f} vector | element -->   3
     1.347E+00
    -1.128E+01
    -2.213E+00
 
LU Factorized [A] matrix | element -->   3
     1.156E-01     4.930E-02    -1.750E-02
     4.266E-01     2.430E-01     2.816E-02
    -1.514E-01     1.159E-01     9.542E-03
 
inverse [A]^-1 matrix | element -->   3
     1.363E+01    -4.195E+00     2.105E+01
    -4.195E+00     5.523E+00    -1.214E+01
     2.105E+01    -1.214E+01     1.048E+02
 
Nonlinear iteration  1
*****************************************
[A] element Matrix gaussian integration | element -->  4
     1.155E-01     4.928E-02    -1.744E-02
     4.928E-02     2.646E-01     2.047E-02
    -1.744E-02     2.047E-02     1.520E-02
[P] element Matrix gaussian integration | element -->  4
    -8.267E-01     1.064E+00    -2.372E-01
    -7.840E-01     2.305E-01     5.535E-01
     9.409E-02    -2.611E-01     1.670E-01
 
Element solution vector | element:  4
Node #-->10       Soln:    -5.117E-01
Node #-->11       Soln:    -1.072E+00
Node #-->12       Soln:    -1.647E+00
 
{Pu -f} vector | element -->   4
     2.311E+00
    -1.204E+01
    -2.257E+00
 
LU Factorized [A] matrix | element -->   4
     1.155E-01     4.928E-02    -1.744E-02
     4.265E-01     2.436E-01     2.791E-02
    -1.509E-01     1.146E-01     9.373E-03
 
inverse [A]^-1 matrix | element -->   4
     1.366E+01    -4.192E+00     2.131E+01
    -4.192E+00     5.505E+00    -1.222E+01
     2.131E+01    -1.222E+01     1.067E+02
 
Solution Vector at time -->      6.000E-02
Position(x) Nodal
     0.000E+00     4.709E-01
     2.500E-01     5.553E-01
     5.000E-01    -2.080E+00
     5.000E-01     1.724E+00
     7.500E-01     3.888E-01
     1.000E+00    -9.081E-01
     1.000E+00     2.515E-01
     1.250E+00    -1.082E+00
     1.500E+00    -2.962E+00
     1.500E+00    -5.117E-01
     1.750E+00    -1.072E+00
     2.000E+00    -1.647E+00
 
Nonlinear iteration  1
*****************************************
[A] element Matrix gaussian integration | element -->  1
     1.142E-01     5.798E-02    -1.420E-02
     5.798E-02     2.934E-01    -1.178E-03
    -1.420E-02    -1.178E-03     7.147E-03
[P] element Matrix gaussian integration | element -->  1
    -8.299E-01     1.028E+00    -1.977E-01
    -9.370E-01     4.733E-01     4.638E-01
     1.019E-01    -1.708E-01     6.893E-02
 
Element solution vector | element:  1
Node #--> 1       Soln:     6.653E-01
Node #--> 2       Soln:     2.529E-01
Node #--> 3       Soln:    -4.396E+00
 
{Pu -f} vector | element -->   1
     3.193E+00
    -1.458E+01
    -2.535E+00
 
LU Factorized [A] matrix | element -->   1
     1.142E-01     5.798E-02    -1.420E-02
     5.075E-01     2.640E-01     6.029E-03
    -1.243E-01     2.284E-02     5.245E-03
 
inverse [A]^-1 matrix | element -->   1
     1.325E+01    -2.514E+00     2.591E+01
    -2.514E+00     3.888E+00    -4.355E+00
     2.591E+01    -4.355E+00     1.907E+02
 
Nonlinear iteration  1
*****************************************
[A] element Matrix gaussian integration | element -->  2
     1.156E-01     4.991E-02    -1.836E-02
     4.991E-02     2.544E-01     2.352E-02
    -1.836E-02     2.352E-02     1.987E-02
[P] element Matrix gaussian integration | element -->  2
    -8.302E-01     1.072E+00    -2.415E-01
    -7.612E-01     2.111E-01     5.500E-01
     1.029E-01    -3.058E-01     2.030E-01
 
Element solution vector | element:  2
Node #--> 4       Soln:     2.373E+00
Node #--> 5       Soln:    -1.170E-01
Node #--> 6       Soln:    -7.268E-01
 
{Pu -f} vector | element -->   2
     5.286E+00
    -1.682E+01
    -2.403E+00
 
LU Factorized [A] matrix | element -->   2
     1.156E-01     4.991E-02    -1.836E-02
     4.317E-01     2.328E-01     3.145E-02
    -1.588E-01     1.351E-01     1.271E-02
 
inverse [A]^-1 matrix | element -->   2
     1.316E+01    -4.161E+00     1.708E+01
    -4.161E+00     5.730E+00    -1.063E+01
     1.708E+01    -1.063E+01     7.868E+01
 
Nonlinear iteration  1
*****************************************
[A] element Matrix gaussian integration | element -->  3
     1.156E-01     4.930E-02    -1.750E-02
     4.930E-02     2.640E-01     2.069E-02
    -1.750E-02     2.069E-02     1.545E-02
[P] element Matrix gaussian integration | element -->  3
    -8.269E-01     1.064E+00    -2.375E-01
    -7.824E-01     2.289E-01     5.535E-01
     9.452E-02    -2.636E-01     1.691E-01
 
Element solution vector | element:  3
Node #--> 7       Soln:     4.427E-01
Node #--> 8       Soln:    -1.493E+00
Node #--> 9       Soln:    -3.627E+00
 
{Pu -f} vector | element -->   3
    -1.406E+00
    -1.951E+01
    -2.581E+00
 
LU Factorized [A] matrix | element -->   3
     1.156E-01     4.930E-02    -1.750E-02
     4.266E-01     2.430E-01     2.816E-02
    -1.514E-01     1.159E-01     9.542E-03
 
inverse [A]^-1 matrix | element -->   3
     1.363E+01    -4.195E+00     2.105E+01
    -4.195E+00     5.523E+00    -1.214E+01
     2.105E+01    -1.214E+01     1.048E+02
 
Nonlinear iteration  1
*****************************************
[A] element Matrix gaussian integration | element -->  4
     1.155E-01     4.928E-02    -1.744E-02
     4.928E-02     2.646E-01     2.047E-02
    -1.744E-02     2.047E-02     1.520E-02
[P] element Matrix gaussian integration | element -->  4
    -8.267E-01     1.064E+00    -2.372E-01
    -7.840E-01     2.305E-01     5.535E-01
     9.409E-02    -2.611E-01     1.670E-01
 
Element solution vector | element:  4
Node #-->10       Soln:    -1.722E-01
Node #-->11       Soln:    -1.556E+00
Node #-->12       Soln:    -2.090E+00
 
{Pu -f} vector | element -->   4
    -1.385E-01
    -2.089E+01
    -2.540E+00
 
LU Factorized [A] matrix | element -->   4
     1.155E-01     4.928E-02    -1.744E-02
     4.265E-01     2.436E-01     2.791E-02
    -1.509E-01     1.146E-01     9.373E-03
 
inverse [A]^-1 matrix | element -->   4
     1.366E+01    -4.192E+00     2.131E+01
    -4.192E+00     5.505E+00    -1.222E+01
     2.131E+01    -1.222E+01     1.067E+02
 
Solution Vector at time -->      7.000E-02
Position(x) Nodal
     0.000E+00     6.653E-01
     2.500E-01     2.529E-01
     5.000E-01    -4.396E+00
     5.000E-01     2.373E+00
     7.500E-01    -1.170E-01
     1.000E+00    -7.268E-01
     1.000E+00     4.427E-01
     1.250E+00    -1.493E+00
     1.500E+00    -3.627E+00
     1.500E+00    -1.722E-01
     1.750E+00    -1.556E+00
     2.000E+00    -2.090E+00
 
Nonlinear iteration  1
*****************************************
[A] element Matrix gaussian integration | element -->  1
     1.142E-01     5.798E-02    -1.420E-02
     5.798E-02     2.934E-01    -1.178E-03
    -1.420E-02    -1.178E-03     7.147E-03
[P] element Matrix gaussian integration | element -->  1
    -8.299E-01     1.028E+00    -1.977E-01
    -9.370E-01     4.733E-01     4.638E-01
     1.019E-01    -1.708E-01     6.893E-02
 
Element solution vector | element:  1
Node #--> 1       Soln:     7.982E-01
Node #--> 2       Soln:    -2.840E-01
Node #--> 3       Soln:    -7.767E+00
 
{Pu -f} vector | element -->   1
     6.155E-02
    -2.538E+01
    -2.945E+00
 
LU Factorized [A] matrix | element -->   1
     1.142E-01     5.798E-02    -1.420E-02
     5.075E-01     2.640E-01     6.029E-03
    -1.243E-01     2.284E-02     5.245E-03
 
inverse [A]^-1 matrix | element -->   1
     1.325E+01    -2.514E+00     2.591E+01
    -2.514E+00     3.888E+00    -4.355E+00
     2.591E+01    -4.355E+00     1.907E+02
 
Nonlinear iteration  1
*****************************************
[A] element Matrix gaussian integration | element -->  2
     1.156E-01     4.991E-02    -1.836E-02
     4.991E-02     2.544E-01     2.352E-02
    -1.836E-02     2.352E-02     1.987E-02
[P] element Matrix gaussian integration | element -->  2
    -8.302E-01     1.072E+00    -2.415E-01
    -7.612E-01     2.111E-01     5.500E-01
     1.029E-01    -3.058E-01     2.030E-01
 
Element solution vector | element:  2
Node #--> 4       Soln:     3.358E+00
Node #--> 5       Soln:    -1.045E+00
Node #--> 6       Soln:     7.279E-02
 
{Pu -f} vector | element -->   2
     4.187E+00
    -2.811E+01
    -2.265E+00
 
LU Factorized [A] matrix | element -->   2
     1.156E-01     4.991E-02    -1.836E-02
     4.317E-01     2.328E-01     3.145E-02
    -1.588E-01     1.351E-01     1.271E-02
 
inverse [A]^-1 matrix | element -->   2
     1.316E+01    -4.161E+00     1.708E+01
    -4.161E+00     5.730E+00    -1.063E+01
     1.708E+01    -1.063E+01     7.868E+01
 
Nonlinear iteration  1
*****************************************
[A] element Matrix gaussian integration | element -->  3
     1.156E-01     4.930E-02    -1.750E-02
     4.930E-02     2.640E-01     2.069E-02
    -1.750E-02     2.069E-02     1.545E-02
[P] element Matrix gaussian integration | element -->  3
    -8.269E-01     1.064E+00    -2.375E-01
    -7.824E-01     2.289E-01     5.535E-01
     9.452E-02    -2.636E-01     1.691E-01
 
Element solution vector | element:  3
Node #--> 7       Soln:     5.263E-01
Node #--> 8       Soln:    -2.198E+00
Node #--> 9       Soln:    -4.258E+00
 
{Pu -f} vector | element -->   3
    -8.247E+00
    -3.138E+01
    -2.356E+00
 
LU Factorized [A] matrix | element -->   3
     1.156E-01     4.930E-02    -1.750E-02
     4.266E-01     2.430E-01     2.816E-02
    -1.514E-01     1.159E-01     9.542E-03
 
inverse [A]^-1 matrix | element -->   3
     1.363E+01    -4.195E+00     2.105E+01
    -4.195E+00     5.523E+00    -1.214E+01
     2.105E+01    -1.214E+01     1.048E+02
 
Nonlinear iteration  1
*****************************************
[A] element Matrix gaussian integration | element -->  4
     1.155E-01     4.928E-02    -1.744E-02
     4.928E-02     2.646E-01     2.047E-02
    -1.744E-02     2.047E-02     1.520E-02
[P] element Matrix gaussian integration | element -->  4
