Connectivity Matrix
Element: 1 -->     1     2     3
Element: 2 -->     4     5     6
Element: 3 -->     7     8     9
Element: 4 -->    10    11    12
 
Global Coordinate Matrix
     0.000E+00     2.500E-01     5.000E-01
     5.000E-01     7.500E-01     1.000E+00
     1.000E+00     1.250E+00     1.500E+00
     1.500E+00     1.750E+00     2.000E+00
 
Initial Power distribution 
Position(x) Power [W]
 0.000     7.071E+00
 0.250     9.239E+00
 0.500     1.000E+01
 0.500     1.000E+01
 0.750     9.239E+00
 1.000     7.071E+00
 1.000     0.000E+00
 1.250     0.000E+00
 1.500     0.000E+00
 1.500     0.000E+00
 1.750     0.000E+00
 2.000     0.000E+00
 
Initial temperature distribution 
Position(x) Temperature [K]
 0.000     5.657E+02
 0.250     7.391E+02
 0.500     8.000E+02
 0.500     8.000E+02
 0.750     7.391E+02
 1.000     5.657E+02
 1.000     5.657E+02
 1.250     5.657E+02
 1.500     5.657E+02
 1.500     5.657E+02
 1.750     5.657E+02
 2.000     5.657E+02
 
Initial velocity distribution 
Position(x) Velocity [m/s]
 0.000     8.092E+00
 0.250     8.537E+00
 0.500     8.705E+00
 0.500     8.705E+00
 0.750     8.537E+00
 1.000     8.092E+00
 1.000     8.092E+00
 1.250     8.092E+00
 1.500     8.092E+00
 1.500     8.092E+00
 1.750     8.092E+00
 2.000     8.092E+00
 
Initial density distribition 
Position(x) Density [kg/m^3]
 0.000     2.225E+03
 0.250     2.225E+03
 0.500     2.225E+03
 0.500     2.225E+03
 0.750     2.225E+03
 1.000     2.225E+03
 1.000     2.225E+03
 1.250     2.225E+03
 1.500     2.225E+03
 1.500     2.225E+03
 1.750     2.225E+03
 2.000     2.225E+03
 
Initial condition 
Position(x) Precursor Concentration
 0.000     0.000E+00
 0.250     0.000E+00
 0.500     0.000E+00
 0.500     0.000E+00
 0.750     0.000E+00
 1.000     0.000E+00
 1.000     0.000E+00
 1.250     0.000E+00
 1.500     0.000E+00
 1.500     0.000E+00
 1.750     0.000E+00
 2.000     0.000E+00
 
Start steady state calculation
 
Nonlinear iteration  1
Elemental matrices 
*****************************************
[A] element Matrix gaussian integration | element -->  1
     6.667E-02     3.333E-02    -1.667E-02
     3.333E-02     2.667E-01     3.333E-02
    -1.667E-02     3.333E-02     6.667E-02
[U] element Matrix gaussian integration | element -->  1
    -4.114E+00    -5.591E+00     1.419E+00
     5.513E+00    -1.636E-01    -5.758E+00
    -1.399E+00     5.754E+00     4.339E+00
 
Start steady state assembly 
 
G Matrix | element -->  1
     8.735E+00     7.901E+00    -2.574E+00
    -3.203E+00     1.865E+01     8.069E+00
     2.435E-01    -3.444E+00     8.373E+00
 
W right Matrix | element -->  1
     0.000E+00     0.000E+00     0.000E+00
     0.000E+00     0.000E+00     0.000E+00
     0.000E+00     0.000E+00     8.092E+00
 
W left Matrix | element -->  1
     8.092E+00     0.000E+00     0.000E+00
     0.000E+00     0.000E+00     0.000E+00
     0.000E+00     0.000E+00     0.000E+00
 
left face vector | element -->   1
     0.000E+00
     0.000E+00
     0.000E+00
 
 
{q} element source vector | element -->  1
     1.473E+03     7.699E+03     2.083E+03
 
RHS final vector | element -->   1
     1.473E+03
     7.699E+03
     2.083E+03
 
inverse [G]^-1 matrix | element -->   1
     1.012E-01    -3.153E-02     6.150E-02
     1.584E-02     4.059E-02    -3.425E-02
     3.571E-03     1.761E-02     1.036E-01
 
Solution | element -->   1
Node --> 1     3.449E+01
Node --> 2     2.645E+02
Node --> 3     3.566E+02
********************************
 
Nonlinear iteration  1
Elemental matrices 
*****************************************
[A] element Matrix gaussian integration | element -->  2
     6.667E-02     3.333E-02    -1.667E-02
     3.333E-02     2.667E-01     3.333E-02
    -1.667E-02     3.333E-02     6.667E-02
[U] element Matrix gaussian integration | element -->  2
    -4.339E+00    -5.754E+00     1.399E+00
     5.758E+00     1.636E-01    -5.513E+00
    -1.419E+00     5.591E+00     4.114E+00
 
Start steady state assembly 
 
G Matrix | element -->  2
     8.960E+00     8.065E+00    -2.554E+00
    -3.448E+00     1.832E+01     7.824E+00
     2.639E-01    -3.280E+00     8.598E+00
 
W right Matrix | element -->  2
     0.000E+00     0.000E+00     0.000E+00
     0.000E+00     0.000E+00     0.000E+00
     0.000E+00     0.000E+00     8.092E+00
 
W left Matrix | element -->  2
     8.705E+00     0.000E+00     0.000E+00
     0.000E+00     0.000E+00     0.000E+00
     0.000E+00     0.000E+00     0.000E+00
 
left face vector | element -->   2
     3.104E+03
     0.000E+00
     0.000E+00
 
 
{q} element source vector | element -->  2
     2.083E+03     7.699E+03     1.473E+03
 
RHS final vector | element -->   2
     5.187E+03
     7.699E+03
     1.473E+03
 
inverse [G]^-1 matrix | element -->   2
     9.741E-02    -3.242E-02     5.843E-02
     1.686E-02     4.133E-02    -3.259E-02
     3.443E-03     1.676E-02     1.021E-01
 
Solution | element -->   2
Node --> 4     3.418E+02
Node --> 5     3.576E+02
Node --> 6     2.973E+02
********************************
 
Nonlinear iteration  1
Elemental matrices 
*****************************************
[A] element Matrix gaussian integration | element -->  3
     6.667E-02     3.333E-02    -1.667E-02
     3.333E-02     2.667E-01     3.333E-02
    -1.667E-02     3.333E-02     6.667E-02
[U] element Matrix gaussian integration | element -->  3
    -4.046E+00    -5.394E+00     1.349E+00
     5.394E+00     2.220E-16    -5.394E+00
    -1.349E+00     5.394E+00     4.046E+00
 
Start steady state assembly 
 
G Matrix | element -->  3
     8.667E+00     7.705E+00    -2.504E+00
    -3.084E+00     1.848E+01     7.705E+00
     1.933E-01    -3.084E+00     8.667E+00
 
W right Matrix | element -->  3
     0.000E+00     0.000E+00     0.000E+00
     0.000E+00     0.000E+00     0.000E+00
     0.000E+00     0.000E+00     8.092E+00
 
W left Matrix | element -->  3
     8.092E+00     0.000E+00     0.000E+00
     0.000E+00     0.000E+00     0.000E+00
     0.000E+00     0.000E+00     0.000E+00
 
left face vector | element -->   3
     2.405E+03
     0.000E+00
     0.000E+00
 
 
{q} element source vector | element -->  3
     0.000E+00     0.000E+00     0.000E+00
 
RHS final vector | element -->   3
     2.405E+03
     0.000E+00
     0.000E+00
 
inverse [G]^-1 matrix | element -->   3
     1.024E-01    -3.287E-02     5.880E-02
     1.570E-02     4.207E-02    -3.287E-02
     3.304E-03     1.570E-02     1.024E-01
 
Solution | element -->   3
Node --> 7     2.463E+02
Node --> 8     3.777E+01
Node --> 9     7.947E+00
********************************
 
Nonlinear iteration  1
Elemental matrices 
*****************************************
[A] element Matrix gaussian integration | element -->  4
     6.667E-02     3.333E-02    -1.667E-02
     3.333E-02     2.667E-01     3.333E-02
    -1.667E-02     3.333E-02     6.667E-02
[U] element Matrix gaussian integration | element -->  4
    -4.046E+00    -5.394E+00     1.349E+00
     5.394E+00     2.220E-16    -5.394E+00
    -1.349E+00     5.394E+00     4.046E+00
 
Start steady state assembly 
 
G Matrix | element -->  4
     8.667E+00     7.705E+00    -2.504E+00
    -3.084E+00     1.848E+01     7.705E+00
     1.933E-01    -3.084E+00     8.667E+00
 
W right Matrix | element -->  4
     0.000E+00     0.000E+00     0.000E+00
     0.000E+00     0.000E+00     0.000E+00
     0.000E+00     0.000E+00     8.092E+00
 
W left Matrix | element -->  4
     8.092E+00     0.000E+00     0.000E+00
     0.000E+00     0.000E+00     0.000E+00
     0.000E+00     0.000E+00     0.000E+00
 
left face vector | element -->   4
     6.430E+01
     0.000E+00
     0.000E+00
 
 
{q} element source vector | element -->  4
     0.000E+00     0.000E+00     0.000E+00
 
RHS final vector | element -->   4
     6.430E+01
     0.000E+00
     0.000E+00
 
inverse [G]^-1 matrix | element -->   4
     1.024E-01    -3.287E-02     5.880E-02
     1.570E-02     4.207E-02    -3.287E-02
     3.304E-03     1.570E-02     1.024E-01
 
Solution | element -->   4
Node -->10     6.583E+00
Node -->11     1.010E+00
Node -->12     2.125E-01
********************************
 
Steady state soln at nl iter   1
Position(x) Precursor Concentration
 0.000     3.449E+01
 0.250     2.645E+02
 0.500     3.566E+02
 0.500     3.418E+02
 0.750     3.576E+02
 1.000     2.973E+02
 1.000     2.463E+02
 1.250     3.777E+01
 1.500     7.947E+00
 1.500     6.583E+00
 1.750     1.010E+00
 2.000     2.125E-01
 
Nonlinear iteration  2
Elemental matrices 
*****************************************
[A] element Matrix gaussian integration | element -->  1
     6.667E-02     3.333E-02    -1.667E-02
     3.333E-02     2.667E-01     3.333E-02
    -1.667E-02     3.333E-02     6.667E-02
[U] element Matrix gaussian integration | element -->  1
    -4.114E+00    -5.591E+00     1.419E+00
     5.513E+00    -1.636E-01    -5.758E+00
    -1.399E+00     5.754E+00     4.339E+00
 
Start steady state assembly 
 
G Matrix | element -->  1
     8.735E+00     7.901E+00    -2.574E+00
    -3.203E+00     1.865E+01     8.069E+00
     2.435E-01    -3.444E+00     8.373E+00
 
W right Matrix | element -->  1
     0.000E+00     0.000E+00     0.000E+00
     0.000E+00     0.000E+00     0.000E+00
     0.000E+00     0.000E+00     8.092E+00
 
W left Matrix | element -->  1
     8.092E+00     0.000E+00     0.000E+00
     0.000E+00     0.000E+00     0.000E+00
     0.000E+00     0.000E+00     0.000E+00
 
left face vector | element -->   1
     1.719E+00
     0.000E+00
     0.000E+00
 
 
{q} element source vector | element -->  1
     1.473E+03     7.699E+03     2.083E+03
 
RHS final vector | element -->   1
     1.475E+03
     7.699E+03
     2.083E+03
 
inverse [G]^-1 matrix | element -->   1
     1.012E-01    -3.153E-02     6.150E-02
     1.584E-02     4.059E-02    -3.425E-02
     3.571E-03     1.761E-02     1.036E-01
 
Solution | element -->   1
Node --> 1     3.467E+01
Node --> 2     2.645E+02
Node --> 3     3.566E+02
********************************
 
Nonlinear iteration  2
Elemental matrices 
*****************************************
[A] element Matrix gaussian integration | element -->  2
     6.667E-02     3.333E-02    -1.667E-02
     3.333E-02     2.667E-01     3.333E-02
    -1.667E-02     3.333E-02     6.667E-02
[U] element Matrix gaussian integration | element -->  2
    -4.339E+00    -5.754E+00     1.399E+00
     5.758E+00     1.636E-01    -5.513E+00
    -1.419E+00     5.591E+00     4.114E+00
 
Start steady state assembly 
 
G Matrix | element -->  2
     8.960E+00     8.065E+00    -2.554E+00
    -3.448E+00     1.832E+01     7.824E+00
     2.639E-01    -3.280E+00     8.598E+00
 
W right Matrix | element -->  2
     0.000E+00     0.000E+00     0.000E+00
     0.000E+00     0.000E+00     0.000E+00
     0.000E+00     0.000E+00     8.092E+00
 
W left Matrix | element -->  2
     8.705E+00     0.000E+00     0.000E+00
     0.000E+00     0.000E+00     0.000E+00
     0.000E+00     0.000E+00     0.000E+00
 
left face vector | element -->   2
     3.104E+03
     0.000E+00
     0.000E+00
 
 
{q} element source vector | element -->  2
     2.083E+03     7.699E+03     1.473E+03
 
RHS final vector | element -->   2
     5.188E+03
     7.699E+03
     1.473E+03
 
inverse [G]^-1 matrix | element -->   2
     9.741E-02    -3.242E-02     5.843E-02
     1.686E-02     4.133E-02    -3.259E-02
     3.443E-03     1.676E-02     1.021E-01
 
Solution | element -->   2
Node --> 4     3.418E+02
Node --> 5     3.576E+02
Node --> 6     2.973E+02
********************************
 
Nonlinear iteration  2
Elemental matrices 
*****************************************
[A] element Matrix gaussian integration | element -->  3
     6.667E-02     3.333E-02    -1.667E-02
     3.333E-02     2.667E-01     3.333E-02
    -1.667E-02     3.333E-02     6.667E-02
[U] element Matrix gaussian integration | element -->  3
    -4.046E+00    -5.394E+00     1.349E+00
     5.394E+00     2.220E-16    -5.394E+00
    -1.349E+00     5.394E+00     4.046E+00
 
Start steady state assembly 
 
G Matrix | element -->  3
     8.667E+00     7.705E+00    -2.504E+00
    -3.084E+00     1.848E+01     7.705E+00
     1.933E-01    -3.084E+00     8.667E+00
 
W right Matrix | element -->  3
     0.000E+00     0.000E+00     0.000E+00
     0.000E+00     0.000E+00     0.000E+00
     0.000E+00     0.000E+00     8.092E+00
 
W left Matrix | element -->  3
     8.092E+00     0.000E+00     0.000E+00
     0.000E+00     0.000E+00     0.000E+00
     0.000E+00     0.000E+00     0.000E+00
 
left face vector | element -->   3
     2.405E+03
     0.000E+00
     0.000E+00
 
 
{q} element source vector | element -->  3
     0.000E+00     0.000E+00     0.000E+00
 
RHS final vector | element -->   3
     2.405E+03
     0.000E+00
     0.000E+00
 
inverse [G]^-1 matrix | element -->   3
     1.024E-01    -3.287E-02     5.880E-02
     1.570E-02     4.207E-02    -3.287E-02
     3.304E-03     1.570E-02     1.024E-01
 
Solution | element -->   3
Node --> 7     2.463E+02
Node --> 8     3.777E+01
Node --> 9     7.947E+00
********************************
 
Nonlinear iteration  2
Elemental matrices 
*****************************************
[A] element Matrix gaussian integration | element -->  4
     6.667E-02     3.333E-02    -1.667E-02
     3.333E-02     2.667E-01     3.333E-02
    -1.667E-02     3.333E-02     6.667E-02
[U] element Matrix gaussian integration | element -->  4
    -4.046E+00    -5.394E+00     1.349E+00
     5.394E+00     2.220E-16    -5.394E+00
    -1.349E+00     5.394E+00     4.046E+00
 
Start steady state assembly 
 
G Matrix | element -->  4
     8.667E+00     7.705E+00    -2.504E+00
    -3.084E+00     1.848E+01     7.705E+00
     1.933E-01    -3.084E+00     8.667E+00
 
W right Matrix | element -->  4
     0.000E+00     0.000E+00     0.000E+00
     0.000E+00     0.000E+00     0.000E+00
     0.000E+00     0.000E+00     8.092E+00
 
W left Matrix | element -->  4
     8.092E+00     0.000E+00     0.000E+00
     0.000E+00     0.000E+00     0.000E+00
     0.000E+00     0.000E+00     0.000E+00
 
left face vector | element -->   4
     6.430E+01
     0.000E+00
     0.000E+00
 
 
{q} element source vector | element -->  4
     0.000E+00     0.000E+00     0.000E+00
 
RHS final vector | element -->   4
     6.430E+01
     0.000E+00
     0.000E+00
 
inverse [G]^-1 matrix | element -->   4
     1.024E-01    -3.287E-02     5.880E-02
     1.570E-02     4.207E-02    -3.287E-02
     3.304E-03     1.570E-02     1.024E-01
 
Solution | element -->   4
Node -->10     6.583E+00
Node -->11     1.010E+00
Node -->12     2.125E-01
********************************
 
Steady state soln at nl iter   2
Position(x) Precursor Concentration
 0.000     3.467E+01
 0.250     2.645E+02
 0.500     3.566E+02
 0.500     3.418E+02
 0.750     3.576E+02
 1.000     2.973E+02
 1.000     2.463E+02
 1.250     3.777E+01
 1.500     7.947E+00
 1.500     6.583E+00
 1.750     1.010E+00
 2.000     2.125E-01
