Connectivity Matrix
Element: 1 -->     1     2     3
Element: 2 -->     4     5     6
Element: 3 -->     7     8     9
Element: 4 -->    10    11    12
 
Global Coordinate Matrix
     0.000E+00     1.000E+00     2.000E+00
     2.000E+00     3.000E+00     4.000E+00
     4.000E+00     5.000E+00     6.000E+00
     6.000E+00     7.000E+00     8.000E+00
 
Initial Power distribution 
Position(x) Power [W]
 0.000     0.000E+00
 1.000     0.000E+00
 2.000     0.000E+00
 2.000     1.000E+00
 3.000     1.000E+00
 4.000     1.000E+00
 4.000     0.000E+00
 5.000     0.000E+00
 6.000     0.000E+00
 6.000     0.000E+00
 7.000     0.000E+00
 8.000     0.000E+00
 
Initial temperature distribution 
Position(x) Temperature [K]
 0.000     8.399-323
 1.000     0.000E+00
 2.000     0.000E+00
 2.000     4.899E-14
 3.000     5.657E+02
 4.000     8.000E+02
 4.000     8.399-323
 5.000     0.000E+00
 6.000     0.000E+00
 6.000     8.399-323
 7.000     0.000E+00
 8.000     0.000E+00
 
Initial velocity distribution 
Position(x) Velocity [m/s]
 0.000     1.000E+02
 1.000     1.000E+02
 2.000     1.000E+02
 2.000     1.000E+02
 3.000     1.000E+02
 4.000     1.000E+02
 4.000     1.000E+02
 5.000     1.000E+02
 6.000     1.000E+02
 6.000     1.000E+02
 7.000     1.000E+02
 8.000     1.000E+02
 
Initial density distribition 
Position(x) Velocity [kg/m^3]
 0.000     1.000E+02
 1.000     1.000E+02
 2.000     1.000E+02
 2.000     1.000E+02
 3.000     1.000E+02
 4.000     1.000E+02
 4.000     1.000E+02
 5.000     1.000E+02
 6.000     1.000E+02
 6.000     1.000E+02
 7.000     1.000E+02
 8.000     1.000E+02
 
Initial condition 
Position(x) Precursor Concentration
 0.000     0.000E+00
 1.000     0.000E+00
 2.000     0.000E+00
 2.000     0.000E+00
 3.000     0.000E+00
 4.000     0.000E+00
 4.000     0.000E+00
 5.000     0.000E+00
 6.000     0.000E+00
 6.000     0.000E+00
 7.000     0.000E+00
 8.000     0.000E+00
 
Start steady state calculation
 
Nonlinear iteration  1
Elemental matrices 
*****************************************
[A] element Matrix gaussian integration | element -->  1
     2.667E-01     1.333E-01    -6.667E-02
     1.333E-01     1.067E+00     1.333E-01
    -6.667E-02     1.333E-01     2.667E-01
[U] element Matrix gaussian integration | element -->  1
    -5.000E-01    -6.667E-01     1.667E-01
     6.667E-01     5.551E-17    -6.667E-01
    -1.667E-01     6.667E-01     5.000E-01
 
Start steady state assembly 
 
G Matrix | element -->  1
     6.848E+01     7.591E+01    -2.129E+01
    -5.742E+01     7.394E+01     7.591E+01
     1.205E+01    -5.742E+01     6.848E+01
 
W right Matrix | element -->  1
     0.000E+00     0.000E+00     0.000E+00
     0.000E+00     0.000E+00     0.000E+00
     0.000E+00     0.000E+00     1.000E+02
 
W left Matrix | element -->  1
     1.000E+02     0.000E+00     0.000E+00
     0.000E+00     0.000E+00     0.000E+00
     0.000E+00     0.000E+00     0.000E+00
 
left face vector | element -->   1
     0.000E+00
     0.000E+00
     0.000E+00
 
 
{q} element source vector | element -->  1
     0.000E+00     0.000E+00     0.000E+00
 
RHS final vector | element -->   1
     0.000E+00
     0.000E+00
     0.000E+00
 
inverse [G]^-1 matrix | element -->   1
     9.795E-03    -4.133E-03     7.626E-03
     5.039E-03     5.142E-03    -4.133E-03
     2.502E-03     5.039E-03     9.795E-03
 
Solution | element -->   1
Node --> 1     0.000E+00
Node --> 2     0.000E+00
Node --> 3     0.000E+00
********************************
 
Nonlinear iteration  1
Elemental matrices 
*****************************************
[A] element Matrix gaussian integration | element -->  2
     2.667E-01     1.333E-01    -6.667E-02
     1.333E-01     1.067E+00     1.333E-01
    -6.667E-02     1.333E-01     2.667E-01
[U] element Matrix gaussian integration | element -->  2
    -5.000E-01    -6.667E-01     1.667E-01
     6.667E-01     5.551E-17    -6.667E-01
    -1.667E-01     6.667E-01     5.000E-01
 
Start steady state assembly 
 
G Matrix | element -->  2
     6.848E+01     7.591E+01    -2.129E+01
    -5.742E+01     7.394E+01     7.591E+01
     1.205E+01    -5.742E+01     6.848E+01
 
W right Matrix | element -->  2
     0.000E+00     0.000E+00     0.000E+00
     0.000E+00     0.000E+00     0.000E+00
     0.000E+00     0.000E+00     1.000E+02
 
W left Matrix | element -->  2
     1.000E+02     0.000E+00     0.000E+00
     0.000E+00     0.000E+00     0.000E+00
     0.000E+00     0.000E+00     0.000E+00
 
left face vector | element -->   2
     0.000E+00
     0.000E+00
     0.000E+00
 
 
{q} element source vector | element -->  2
     3.333E-01     1.333E+00     3.333E-01
 
RHS final vector | element -->   2
     3.333E-01
     1.333E+00
     3.333E-01
 
inverse [G]^-1 matrix | element -->   2
     9.795E-03    -4.133E-03     7.626E-03
     5.039E-03     5.142E-03    -4.133E-03
     2.502E-03     5.039E-03     9.795E-03
 
Solution | element -->   2
Node --> 4     2.960E-04
Node --> 5     7.158E-03
Node --> 6     1.082E-02
********************************
 
Nonlinear iteration  1
Elemental matrices 
*****************************************
[A] element Matrix gaussian integration | element -->  3
     2.667E-01     1.333E-01    -6.667E-02
     1.333E-01     1.067E+00     1.333E-01
    -6.667E-02     1.333E-01     2.667E-01
[U] element Matrix gaussian integration | element -->  3
    -5.000E-01    -6.667E-01     1.667E-01
     6.667E-01     5.551E-17    -6.667E-01
    -1.667E-01     6.667E-01     5.000E-01
 
Start steady state assembly 
 
G Matrix | element -->  3
     6.848E+01     7.591E+01    -2.129E+01
    -5.742E+01     7.394E+01     7.591E+01
     1.205E+01    -5.742E+01     6.848E+01
 
W right Matrix | element -->  3
     0.000E+00     0.000E+00     0.000E+00
     0.000E+00     0.000E+00     0.000E+00
     0.000E+00     0.000E+00     1.000E+02
 
W left Matrix | element -->  3
     1.000E+02     0.000E+00     0.000E+00
     0.000E+00     0.000E+00     0.000E+00
     0.000E+00     0.000E+00     0.000E+00
 
left face vector | element -->   3
     1.082E+00
     0.000E+00
     0.000E+00
 
 
{q} element source vector | element -->  3
     0.000E+00     0.000E+00     0.000E+00
 
RHS final vector | element -->   3
     1.082E+00
     0.000E+00
     0.000E+00
 
inverse [G]^-1 matrix | element -->   3
     9.795E-03    -4.133E-03     7.626E-03
     5.039E-03     5.142E-03    -4.133E-03
     2.502E-03     5.039E-03     9.795E-03
 
Solution | element -->   3
Node --> 7     1.060E-02
Node --> 8     5.450E-03
Node --> 9     2.707E-03
********************************
 
Nonlinear iteration  1
Elemental matrices 
*****************************************
[A] element Matrix gaussian integration | element -->  4
     2.667E-01     1.333E-01    -6.667E-02
     1.333E-01     1.067E+00     1.333E-01
    -6.667E-02     1.333E-01     2.667E-01
[U] element Matrix gaussian integration | element -->  4
    -5.000E-01    -6.667E-01     1.667E-01
     6.667E-01     5.551E-17    -6.667E-01
    -1.667E-01     6.667E-01     5.000E-01
 
Start steady state assembly 
 
G Matrix | element -->  4
     6.848E+01     7.591E+01    -2.129E+01
    -5.742E+01     7.394E+01     7.591E+01
     1.205E+01    -5.742E+01     6.848E+01
 
W right Matrix | element -->  4
     0.000E+00     0.000E+00     0.000E+00
     0.000E+00     0.000E+00     0.000E+00
     0.000E+00     0.000E+00     1.000E+02
 
W left Matrix | element -->  4
     1.000E+02     0.000E+00     0.000E+00
     0.000E+00     0.000E+00     0.000E+00
     0.000E+00     0.000E+00     0.000E+00
 
left face vector | element -->   4
     2.707E-01
     0.000E+00
     0.000E+00
 
 
{q} element source vector | element -->  4
     0.000E+00     0.000E+00     0.000E+00
 
RHS final vector | element -->   4
     2.707E-01
     0.000E+00
     0.000E+00
 
inverse [G]^-1 matrix | element -->   4
     9.795E-03    -4.133E-03     7.626E-03
     5.039E-03     5.142E-03    -4.133E-03
     2.502E-03     5.039E-03     9.795E-03
 
Solution | element -->   4
Node -->10     2.651E-03
Node -->11     1.364E-03
Node -->12     6.772E-04
********************************
 
Steady state soln at nl iter   1
Position(x) Precursor Concentration
 0.000     0.000E+00
 1.000     0.000E+00
 2.000     0.000E+00
 2.000     2.960E-04
 3.000     7.158E-03
 4.000     1.082E-02
 4.000     1.060E-02
 5.000     5.450E-03
 6.000     2.707E-03
 6.000     2.651E-03
 7.000     1.364E-03
 8.000     6.772E-04
 
Nonlinear iteration  2
Elemental matrices 
*****************************************
[A] element Matrix gaussian integration | element -->  1
     2.667E-01     1.333E-01    -6.667E-02
     1.333E-01     1.067E+00     1.333E-01
    -6.667E-02     1.333E-01     2.667E-01
[U] element Matrix gaussian integration | element -->  1
    -5.000E-01    -6.667E-01     1.667E-01
     6.667E-01     5.551E-17    -6.667E-01
    -1.667E-01     6.667E-01     5.000E-01
 
Start steady state assembly 
 
G Matrix | element -->  1
     6.848E+01     7.591E+01    -2.129E+01
    -5.742E+01     7.394E+01     7.591E+01
     1.205E+01    -5.742E+01     6.848E+01
 
W right Matrix | element -->  1
     0.000E+00     0.000E+00     0.000E+00
     0.000E+00     0.000E+00     0.000E+00
     0.000E+00     0.000E+00     1.000E+02
 
W left Matrix | element -->  1
     1.000E+02     0.000E+00     0.000E+00
     0.000E+00     0.000E+00     0.000E+00
     0.000E+00     0.000E+00     0.000E+00
 
left face vector | element -->   1
     6.772E-02
     0.000E+00
     0.000E+00
 
 
{q} element source vector | element -->  1
     0.000E+00     0.000E+00     0.000E+00
 
RHS final vector | element -->   1
     6.772E-02
     0.000E+00
     0.000E+00
 
inverse [G]^-1 matrix | element -->   1
     9.795E-03    -4.133E-03     7.626E-03
     5.039E-03     5.142E-03    -4.133E-03
     2.502E-03     5.039E-03     9.795E-03
 
Solution | element -->   1
Node --> 1     6.633E-04
Node --> 2     3.412E-04
Node --> 3     1.694E-04
********************************
 
Nonlinear iteration  2
Elemental matrices 
*****************************************
[A] element Matrix gaussian integration | element -->  2
     2.667E-01     1.333E-01    -6.667E-02
     1.333E-01     1.067E+00     1.333E-01
    -6.667E-02     1.333E-01     2.667E-01
[U] element Matrix gaussian integration | element -->  2
    -5.000E-01    -6.667E-01     1.667E-01
     6.667E-01     5.551E-17    -6.667E-01
    -1.667E-01     6.667E-01     5.000E-01
 
Start steady state assembly 
 
G Matrix | element -->  2
     6.848E+01     7.591E+01    -2.129E+01
    -5.742E+01     7.394E+01     7.591E+01
     1.205E+01    -5.742E+01     6.848E+01
 
W right Matrix | element -->  2
     0.000E+00     0.000E+00     0.000E+00
     0.000E+00     0.000E+00     0.000E+00
     0.000E+00     0.000E+00     1.000E+02
 
W left Matrix | element -->  2
     1.000E+02     0.000E+00     0.000E+00
     0.000E+00     0.000E+00     0.000E+00
     0.000E+00     0.000E+00     0.000E+00
 
left face vector | element -->   2
     1.694E-02
     0.000E+00
     0.000E+00
 
 
{q} element source vector | element -->  2
     3.333E-01     1.333E+00     3.333E-01
 
RHS final vector | element -->   2
     3.503E-01
     1.333E+00
     3.333E-01
 
inverse [G]^-1 matrix | element -->   2
     9.795E-03    -4.133E-03     7.626E-03
     5.039E-03     5.142E-03    -4.133E-03
     2.502E-03     5.039E-03     9.795E-03
 
Solution | element -->   2
Node --> 4     4.619E-04
Node --> 5     7.243E-03
Node --> 6     1.086E-02
********************************
 
Nonlinear iteration  2
Elemental matrices 
*****************************************
[A] element Matrix gaussian integration | element -->  3
     2.667E-01     1.333E-01    -6.667E-02
     1.333E-01     1.067E+00     1.333E-01
    -6.667E-02     1.333E-01     2.667E-01
[U] element Matrix gaussian integration | element -->  3
    -5.000E-01    -6.667E-01     1.667E-01
     6.667E-01     5.551E-17    -6.667E-01
    -1.667E-01     6.667E-01     5.000E-01
 
Start steady state assembly 
 
G Matrix | element -->  3
     6.848E+01     7.591E+01    -2.129E+01
    -5.742E+01     7.394E+01     7.591E+01
     1.205E+01    -5.742E+01     6.848E+01
 
W right Matrix | element -->  3
     0.000E+00     0.000E+00     0.000E+00
     0.000E+00     0.000E+00     0.000E+00
     0.000E+00     0.000E+00     1.000E+02
 
W left Matrix | element -->  3
     1.000E+02     0.000E+00     0.000E+00
     0.000E+00     0.000E+00     0.000E+00
     0.000E+00     0.000E+00     0.000E+00
 
left face vector | element -->   3
     1.086E+00
     0.000E+00
     0.000E+00
 
 
{q} element source vector | element -->  3
     0.000E+00     0.000E+00     0.000E+00
 
RHS final vector | element -->   3
     1.086E+00
     0.000E+00
     0.000E+00
 
inverse [G]^-1 matrix | element -->   3
     9.795E-03    -4.133E-03     7.626E-03
     5.039E-03     5.142E-03    -4.133E-03
     2.502E-03     5.039E-03     9.795E-03
 
Solution | element -->   3
Node --> 7     1.064E-02
Node --> 8     5.472E-03
Node --> 9     2.717E-03
********************************
 
Nonlinear iteration  2
Elemental matrices 
*****************************************
[A] element Matrix gaussian integration | element -->  4
     2.667E-01     1.333E-01    -6.667E-02
     1.333E-01     1.067E+00     1.333E-01
    -6.667E-02     1.333E-01     2.667E-01
[U] element Matrix gaussian integration | element -->  4
    -5.000E-01    -6.667E-01     1.667E-01
     6.667E-01     5.551E-17    -6.667E-01
    -1.667E-01     6.667E-01     5.000E-01
 
Start steady state assembly 
 
G Matrix | element -->  4
     6.848E+01     7.591E+01    -2.129E+01
    -5.742E+01     7.394E+01     7.591E+01
     1.205E+01    -5.742E+01     6.848E+01
 
W right Matrix | element -->  4
     0.000E+00     0.000E+00     0.000E+00
     0.000E+00     0.000E+00     0.000E+00
     0.000E+00     0.000E+00     1.000E+02
 
W left Matrix | element -->  4
     1.000E+02     0.000E+00     0.000E+00
     0.000E+00     0.000E+00     0.000E+00
     0.000E+00     0.000E+00     0.000E+00
 
left face vector | element -->   4
     2.717E-01
     0.000E+00
     0.000E+00
 
 
{q} element source vector | element -->  4
     0.000E+00     0.000E+00     0.000E+00
 
RHS final vector | element -->   4
     2.717E-01
     0.000E+00
     0.000E+00
 
inverse [G]^-1 matrix | element -->   4
     9.795E-03    -4.133E-03     7.626E-03
     5.039E-03     5.142E-03    -4.133E-03
     2.502E-03     5.039E-03     9.795E-03
 
Solution | element -->   4
Node -->10     2.661E-03
Node -->11     1.369E-03
Node -->12     6.799E-04
********************************
 
Steady state soln at nl iter   2
Position(x) Precursor Concentration
 0.000     6.633E-04
 1.000     3.412E-04
 2.000     1.694E-04
 2.000     4.619E-04
 3.000     7.243E-03
 4.000     1.086E-02
 4.000     1.064E-02
 5.000     5.472E-03
 6.000     2.717E-03
 6.000     2.661E-03
 7.000     1.369E-03
 8.000     6.799E-04
 
Nonlinear iteration  3
Elemental matrices 
*****************************************
[A] element Matrix gaussian integration | element -->  1
     2.667E-01     1.333E-01    -6.667E-02
     1.333E-01     1.067E+00     1.333E-01
    -6.667E-02     1.333E-01     2.667E-01
[U] element Matrix gaussian integration | element -->  1
    -5.000E-01    -6.667E-01     1.667E-01
     6.667E-01     5.551E-17    -6.667E-01
    -1.667E-01     6.667E-01     5.000E-01
 
Start steady state assembly 
 
G Matrix | element -->  1
     6.848E+01     7.591E+01    -2.129E+01
    -5.742E+01     7.394E+01     7.591E+01
     1.205E+01    -5.742E+01     6.848E+01
 
W right Matrix | element -->  1
     0.000E+00     0.000E+00     0.000E+00
     0.000E+00     0.000E+00     0.000E+00
     0.000E+00     0.000E+00     1.000E+02
 
W left Matrix | element -->  1
     1.000E+02     0.000E+00     0.000E+00
     0.000E+00     0.000E+00     0.000E+00
     0.000E+00     0.000E+00     0.000E+00
 
left face vector | element -->   1
     6.799E-02
     0.000E+00
     0.000E+00
 
 
{q} element source vector | element -->  1
     0.000E+00     0.000E+00     0.000E+00
 
RHS final vector | element -->   1
     6.799E-02
     0.000E+00
     0.000E+00
 
inverse [G]^-1 matrix | element -->   1
     9.795E-03    -4.133E-03     7.626E-03
     5.039E-03     5.142E-03    -4.133E-03
     2.502E-03     5.039E-03     9.795E-03
 
Solution | element -->   1
Node --> 1     6.659E-04
Node --> 2     3.426E-04
Node --> 3     1.701E-04
********************************
 
Nonlinear iteration  3
Elemental matrices 
*****************************************
[A] element Matrix gaussian integration | element -->  2
     2.667E-01     1.333E-01    -6.667E-02
     1.333E-01     1.067E+00     1.333E-01
    -6.667E-02     1.333E-01     2.667E-01
[U] element Matrix gaussian integration | element -->  2
    -5.000E-01    -6.667E-01     1.667E-01
     6.667E-01     5.551E-17    -6.667E-01
    -1.667E-01     6.667E-01     5.000E-01
 
Start steady state assembly 
 
G Matrix | element -->  2
     6.848E+01     7.591E+01    -2.129E+01
    -5.742E+01     7.394E+01     7.591E+01
     1.205E+01    -5.742E+01     6.848E+01
 
W right Matrix | element -->  2
     0.000E+00     0.000E+00     0.000E+00
     0.000E+00     0.000E+00     0.000E+00
     0.000E+00     0.000E+00     1.000E+02
 
W left Matrix | element -->  2
     1.000E+02     0.000E+00     0.000E+00
     0.000E+00     0.000E+00     0.000E+00
     0.000E+00     0.000E+00     0.000E+00
 
left face vector | element -->   2
     1.701E-02
     0.000E+00
     0.000E+00
 
 
{q} element source vector | element -->  2
     3.333E-01     1.333E+00     3.333E-01
 
RHS final vector | element -->   2
     3.503E-01
     1.333E+00
     3.333E-01
 
inverse [G]^-1 matrix | element -->   2
     9.795E-03    -4.133E-03     7.626E-03
     5.039E-03     5.142E-03    -4.133E-03
     2.502E-03     5.039E-03     9.795E-03
 
Solution | element -->   2
Node --> 4     4.626E-04
Node --> 5     7.243E-03
Node --> 6     1.086E-02
********************************
 
Nonlinear iteration  3
Elemental matrices 
*****************************************
[A] element Matrix gaussian integration | element -->  3
     2.667E-01     1.333E-01    -6.667E-02
     1.333E-01     1.067E+00     1.333E-01
    -6.667E-02     1.333E-01     2.667E-01
[U] element Matrix gaussian integration | element -->  3
    -5.000E-01    -6.667E-01     1.667E-01
     6.667E-01     5.551E-17    -6.667E-01
    -1.667E-01     6.667E-01     5.000E-01
 
Start steady state assembly 
 
G Matrix | element -->  3
     6.848E+01     7.591E+01    -2.129E+01
    -5.742E+01     7.394E+01     7.591E+01
     1.205E+01    -5.742E+01     6.848E+01
 
W right Matrix | element -->  3
     0.000E+00     0.000E+00     0.000E+00
     0.000E+00     0.000E+00     0.000E+00
     0.000E+00     0.000E+00     1.000E+02
 
W left Matrix | element -->  3
     1.000E+02     0.000E+00     0.000E+00
     0.000E+00     0.000E+00     0.000E+00
     0.000E+00     0.000E+00     0.000E+00
 
left face vector | element -->   3
     1.086E+00
     0.000E+00
     0.000E+00
 
 
{q} element source vector | element -->  3
     0.000E+00     0.000E+00     0.000E+00
 
RHS final vector | element -->   3
     1.086E+00
     0.000E+00
     0.000E+00
 
inverse [G]^-1 matrix | element -->   3
     9.795E-03    -4.133E-03     7.626E-03
     5.039E-03     5.142E-03    -4.133E-03
     2.502E-03     5.039E-03     9.795E-03
 
Solution | element -->   3
Node --> 7     1.064E-02
Node --> 8     5.472E-03
Node --> 9     2.717E-03
********************************
 
Nonlinear iteration  3
Elemental matrices 
*****************************************
[A] element Matrix gaussian integration | element -->  4
     2.667E-01     1.333E-01    -6.667E-02
     1.333E-01     1.067E+00     1.333E-01
    -6.667E-02     1.333E-01     2.667E-01
[U] element Matrix gaussian integration | element -->  4
    -5.000E-01    -6.667E-01     1.667E-01
     6.667E-01     5.551E-17    -6.667E-01
    -1.667E-01     6.667E-01     5.000E-01
 
Start steady state assembly 
 
G Matrix | element -->  4
     6.848E+01     7.591E+01    -2.129E+01
    -5.742E+01     7.394E+01     7.591E+01
     1.205E+01    -5.742E+01     6.848E+01
 
W right Matrix | element -->  4
     0.000E+00     0.000E+00     0.000E+00
     0.000E+00     0.000E+00     0.000E+00
     0.000E+00     0.000E+00     1.000E+02
 
W left Matrix | element -->  4
     1.000E+02     0.000E+00     0.000E+00
     0.000E+00     0.000E+00     0.000E+00
     0.000E+00     0.000E+00     0.000E+00
 
left face vector | element -->   4
     2.717E-01
     0.000E+00
     0.000E+00
 
 
{q} element source vector | element -->  4
     0.000E+00     0.000E+00     0.000E+00
 
RHS final vector | element -->   4
     2.717E-01
     0.000E+00
     0.000E+00
 
inverse [G]^-1 matrix | element -->   4
     9.795E-03    -4.133E-03     7.626E-03
     5.039E-03     5.142E-03    -4.133E-03
     2.502E-03     5.039E-03     9.795E-03
 
Solution | element -->   4
Node -->10     2.661E-03
Node -->11     1.369E-03
Node -->12     6.799E-04
********************************
 
Steady state soln at nl iter   3
Position(x) Precursor Concentration
 0.000     6.659E-04
 1.000     3.426E-04
 2.000     1.701E-04
 2.000     4.626E-04
 3.000     7.243E-03
 4.000     1.086E-02
 4.000     1.064E-02
 5.000     5.472E-03
 6.000     2.717E-03
 6.000     2.661E-03
 7.000     1.369E-03
 8.000     6.799E-04
 
Nonlinear iteration  4
Elemental matrices 
*****************************************
[A] element Matrix gaussian integration | element -->  1
     2.667E-01     1.333E-01    -6.667E-02
     1.333E-01     1.067E+00     1.333E-01
    -6.667E-02     1.333E-01     2.667E-01
[U] element Matrix gaussian integration | element -->  1
    -5.000E-01    -6.667E-01     1.667E-01
     6.667E-01     5.551E-17    -6.667E-01
    -1.667E-01     6.667E-01     5.000E-01
 
Start steady state assembly 
 
G Matrix | element -->  1
     6.848E+01     7.591E+01    -2.129E+01
    -5.742E+01     7.394E+01     7.591E+01
     1.205E+01    -5.742E+01     6.848E+01
 
W right Matrix | element -->  1
     0.000E+00     0.000E+00     0.000E+00
     0.000E+00     0.000E+00     0.000E+00
     0.000E+00     0.000E+00     1.000E+02
 
W left Matrix | element -->  1
     1.000E+02     0.000E+00     0.000E+00
     0.000E+00     0.000E+00     0.000E+00
     0.000E+00     0.000E+00     0.000E+00
 
left face vector | element -->   1
     6.799E-02
     0.000E+00
     0.000E+00
 
 
{q} element source vector | element -->  1
     0.000E+00     0.000E+00     0.000E+00
 
RHS final vector | element -->   1
     6.799E-02
     0.000E+00
     0.000E+00
 
inverse [G]^-1 matrix | element -->   1
     9.795E-03    -4.133E-03     7.626E-03
     5.039E-03     5.142E-03    -4.133E-03
     2.502E-03     5.039E-03     9.795E-03
 
Solution | element -->   1
Node --> 1     6.659E-04
Node --> 2     3.426E-04
Node --> 3     1.701E-04
********************************
 
Nonlinear iteration  4
Elemental matrices 
*****************************************
[A] element Matrix gaussian integration | element -->  2
     2.667E-01     1.333E-01    -6.667E-02
     1.333E-01     1.067E+00     1.333E-01
    -6.667E-02     1.333E-01     2.667E-01
[U] element Matrix gaussian integration | element -->  2
    -5.000E-01    -6.667E-01     1.667E-01
     6.667E-01     5.551E-17    -6.667E-01
    -1.667E-01     6.667E-01     5.000E-01
 
Start steady state assembly 
 
G Matrix | element -->  2
     6.848E+01     7.591E+01    -2.129E+01
    -5.742E+01     7.394E+01     7.591E+01
     1.205E+01    -5.742E+01     6.848E+01
 
W right Matrix | element -->  2
     0.000E+00     0.000E+00     0.000E+00
     0.000E+00     0.000E+00     0.000E+00
     0.000E+00     0.000E+00     1.000E+02
 
W left Matrix | element -->  2
     1.000E+02     0.000E+00     0.000E+00
     0.000E+00     0.000E+00     0.000E+00
     0.000E+00     0.000E+00     0.000E+00
 
left face vector | element -->   2
     1.701E-02
     0.000E+00
     0.000E+00
 
 
{q} element source vector | element -->  2
     3.333E-01     1.333E+00     3.333E-01
 
RHS final vector | element -->   2
     3.503E-01
     1.333E+00
     3.333E-01
 
inverse [G]^-1 matrix | element -->   2
     9.795E-03    -4.133E-03     7.626E-03
     5.039E-03     5.142E-03    -4.133E-03
     2.502E-03     5.039E-03     9.795E-03
 
Solution | element -->   2
Node --> 4     4.626E-04
Node --> 5     7.243E-03
Node --> 6     1.086E-02
********************************
 
Nonlinear iteration  4
Elemental matrices 
*****************************************
[A] element Matrix gaussian integration | element -->  3
     2.667E-01     1.333E-01    -6.667E-02
     1.333E-01     1.067E+00     1.333E-01
    -6.667E-02     1.333E-01     2.667E-01
[U] element Matrix gaussian integration | element -->  3
    -5.000E-01    -6.667E-01     1.667E-01
     6.667E-01     5.551E-17    -6.667E-01
    -1.667E-01     6.667E-01     5.000E-01
 
Start steady state assembly 
 
G Matrix | element -->  3
     6.848E+01     7.591E+01    -2.129E+01
    -5.742E+01     7.394E+01     7.591E+01
     1.205E+01    -5.742E+01     6.848E+01
 
W right Matrix | element -->  3
     0.000E+00     0.000E+00     0.000E+00
     0.000E+00     0.000E+00     0.000E+00
     0.000E+00     0.000E+00     1.000E+02
 
W left Matrix | element -->  3
     1.000E+02     0.000E+00     0.000E+00
     0.000E+00     0.000E+00     0.000E+00
     0.000E+00     0.000E+00     0.000E+00
 
left face vector | element -->   3
     1.086E+00
     0.000E+00
     0.000E+00
 
 
{q} element source vector | element -->  3
     0.000E+00     0.000E+00     0.000E+00
 
RHS final vector | element -->   3
     1.086E+00
     0.000E+00
     0.000E+00
 
inverse [G]^-1 matrix | element -->   3
     9.795E-03    -4.133E-03     7.626E-03
     5.039E-03     5.142E-03    -4.133E-03
     2.502E-03     5.039E-03     9.795E-03
 
Solution | element -->   3
Node --> 7     1.064E-02
Node --> 8     5.472E-03
Node --> 9     2.717E-03
********************************
 
Nonlinear iteration  4
Elemental matrices 
*****************************************
[A] element Matrix gaussian integration | element -->  4
     2.667E-01     1.333E-01    -6.667E-02
     1.333E-01     1.067E+00     1.333E-01
    -6.667E-02     1.333E-01     2.667E-01
[U] element Matrix gaussian integration | element -->  4
    -5.000E-01    -6.667E-01     1.667E-01
     6.667E-01     5.551E-17    -6.667E-01
    -1.667E-01     6.667E-01     5.000E-01
 
Start steady state assembly 
 
G Matrix | element -->  4
     6.848E+01     7.591E+01    -2.129E+01
    -5.742E+01     7.394E+01     7.591E+01
     1.205E+01    -5.742E+01     6.848E+01
 
W right Matrix | element -->  4
     0.000E+00     0.000E+00     0.000E+00
     0.000E+00     0.000E+00     0.000E+00
     0.000E+00     0.000E+00     1.000E+02
 
W left Matrix | element -->  4
     1.000E+02     0.000E+00     0.000E+00
     0.000E+00     0.000E+00     0.000E+00
     0.000E+00     0.000E+00     0.000E+00
 
left face vector | element -->   4
     2.717E-01
     0.000E+00
     0.000E+00
 
 
{q} element source vector | element -->  4
     0.000E+00     0.000E+00     0.000E+00
 
RHS final vector | element -->   4
     2.717E-01
     0.000E+00
     0.000E+00
 
inverse [G]^-1 matrix | element -->   4
     9.795E-03    -4.133E-03     7.626E-03
     5.039E-03     5.142E-03    -4.133E-03
     2.502E-03     5.039E-03     9.795E-03
 
Solution | element -->   4
Node -->10     2.661E-03
Node -->11     1.369E-03
Node -->12     6.799E-04
********************************
 
Steady state soln at nl iter   4
Position(x) Precursor Concentration
 0.000     6.659E-04
 1.000     3.426E-04
 2.000     1.701E-04
 2.000     4.626E-04
 3.000     7.243E-03
 4.000     1.086E-02
 4.000     1.064E-02
 5.000     5.472E-03
 6.000     2.717E-03
 6.000     2.661E-03
 7.000     1.369E-03
 8.000     6.799E-04
 
Nonlinear iteration  5
Elemental matrices 
*****************************************
[A] element Matrix gaussian integration | element -->  1
     2.667E-01     1.333E-01    -6.667E-02
     1.333E-01     1.067E+00     1.333E-01
    -6.667E-02     1.333E-01     2.667E-01
[U] element Matrix gaussian integration | element -->  1
    -5.000E-01    -6.667E-01     1.667E-01
     6.667E-01     5.551E-17    -6.667E-01
    -1.667E-01     6.667E-01     5.000E-01
 
Start steady state assembly 
 
G Matrix | element -->  1
     6.848E+01     7.591E+01    -2.129E+01
    -5.742E+01     7.394E+01     7.591E+01
     1.205E+01    -5.742E+01     6.848E+01
 
W right Matrix | element -->  1
     0.000E+00     0.000E+00     0.000E+00
     0.000E+00     0.000E+00     0.000E+00
     0.000E+00     0.000E+00     1.000E+02
 
W left Matrix | element -->  1
     1.000E+02     0.000E+00     0.000E+00
     0.000E+00     0.000E+00     0.000E+00
     0.000E+00     0.000E+00     0.000E+00
 
left face vector | element -->   1
     6.799E-02
     0.000E+00
     0.000E+00
 
 
{q} element source vector | element -->  1
     0.000E+00     0.000E+00     0.000E+00
 
RHS final vector | element -->   1
     6.799E-02
     0.000E+00
     0.000E+00
 
inverse [G]^-1 matrix | element -->   1
     9.795E-03    -4.133E-03     7.626E-03
     5.039E-03     5.142E-03    -4.133E-03
     2.502E-03     5.039E-03     9.795E-03
 
Solution | element -->   1
Node --> 1     6.659E-04
Node --> 2     3.426E-04
Node --> 3     1.701E-04
********************************
 
Nonlinear iteration  5
Elemental matrices 
*****************************************
[A] element Matrix gaussian integration | element -->  2
     2.667E-01     1.333E-01    -6.667E-02
     1.333E-01     1.067E+00     1.333E-01
    -6.667E-02     1.333E-01     2.667E-01
[U] element Matrix gaussian integration | element -->  2
    -5.000E-01    -6.667E-01     1.667E-01
     6.667E-01     5.551E-17    -6.667E-01
    -1.667E-01     6.667E-01     5.000E-01
 
Start steady state assembly 
 
G Matrix | element -->  2
     6.848E+01     7.591E+01    -2.129E+01
    -5.742E+01     7.394E+01     7.591E+01
     1.205E+01    -5.742E+01     6.848E+01
 
W right Matrix | element -->  2
     0.000E+00     0.000E+00     0.000E+00
     0.000E+00     0.000E+00     0.000E+00
     0.000E+00     0.000E+00     1.000E+02
 
W left Matrix | element -->  2
     1.000E+02     0.000E+00     0.000E+00
     0.000E+00     0.000E+00     0.000E+00
     0.000E+00     0.000E+00     0.000E+00
 
left face vector | element -->   2
     1.701E-02
     0.000E+00
     0.000E+00
 
 
{q} element source vector | element -->  2
     3.333E-01     1.333E+00     3.333E-01
 
RHS final vector | element -->   2
     3.503E-01
     1.333E+00
     3.333E-01
 
inverse [G]^-1 matrix | element -->   2
     9.795E-03    -4.133E-03     7.626E-03
     5.039E-03     5.142E-03    -4.133E-03
     2.502E-03     5.039E-03     9.795E-03
 
Solution | element -->   2
Node --> 4     4.626E-04
Node --> 5     7.243E-03
Node --> 6     1.086E-02
********************************
 
Nonlinear iteration  5
Elemental matrices 
*****************************************
[A] element Matrix gaussian integration | element -->  3
     2.667E-01     1.333E-01    -6.667E-02
     1.333E-01     1.067E+00     1.333E-01
    -6.667E-02     1.333E-01     2.667E-01
[U] element Matrix gaussian integration | element -->  3
    -5.000E-01    -6.667E-01     1.667E-01
     6.667E-01     5.551E-17    -6.667E-01
    -1.667E-01     6.667E-01     5.000E-01
 
Start steady state assembly 
 
G Matrix | element -->  3
     6.848E+01     7.591E+01    -2.129E+01
    -5.742E+01     7.394E+01     7.591E+01
     1.205E+01    -5.742E+01     6.848E+01
 
W right Matrix | element -->  3
     0.000E+00     0.000E+00     0.000E+00
     0.000E+00     0.000E+00     0.000E+00
     0.000E+00     0.000E+00     1.000E+02
 
W left Matrix | element -->  3
     1.000E+02     0.000E+00     0.000E+00
     0.000E+00     0.000E+00     0.000E+00
     0.000E+00     0.000E+00     0.000E+00
 
left face vector | element -->   3
     1.086E+00
     0.000E+00
     0.000E+00
 
 
{q} element source vector | element -->  3
     0.000E+00     0.000E+00     0.000E+00
 
RHS final vector | element -->   3
     1.086E+00
     0.000E+00
     0.000E+00
 
inverse [G]^-1 matrix | element -->   3
     9.795E-03    -4.133E-03     7.626E-03
     5.039E-03     5.142E-03    -4.133E-03
     2.502E-03     5.039E-03     9.795E-03
 
Solution | element -->   3
Node --> 7     1.064E-02
Node --> 8     5.472E-03
Node --> 9     2.717E-03
********************************
 
Nonlinear iteration  5
Elemental matrices 
*****************************************
[A] element Matrix gaussian integration | element -->  4
     2.667E-01     1.333E-01    -6.667E-02
     1.333E-01     1.067E+00     1.333E-01
    -6.667E-02     1.333E-01     2.667E-01
[U] element Matrix gaussian integration | element -->  4
    -5.000E-01    -6.667E-01     1.667E-01
     6.667E-01     5.551E-17    -6.667E-01
    -1.667E-01     6.667E-01     5.000E-01
 
Start steady state assembly 
 
G Matrix | element -->  4
     6.848E+01     7.591E+01    -2.129E+01
    -5.742E+01     7.394E+01     7.591E+01
     1.205E+01    -5.742E+01     6.848E+01
 
W right Matrix | element -->  4
     0.000E+00     0.000E+00     0.000E+00
     0.000E+00     0.000E+00     0.000E+00
     0.000E+00     0.000E+00     1.000E+02
 
W left Matrix | element -->  4
     1.000E+02     0.000E+00     0.000E+00
     0.000E+00     0.000E+00     0.000E+00
     0.000E+00     0.000E+00     0.000E+00
 
left face vector | element -->   4
     2.717E-01
     0.000E+00
     0.000E+00
 
 
{q} element source vector | element -->  4
     0.000E+00     0.000E+00     0.000E+00
 
RHS final vector | element -->   4
     2.717E-01
     0.000E+00
     0.000E+00
 
inverse [G]^-1 matrix | element -->   4
     9.795E-03    -4.133E-03     7.626E-03
     5.039E-03     5.142E-03    -4.133E-03
     2.502E-03     5.039E-03     9.795E-03
 
Solution | element -->   4
Node -->10     2.661E-03
Node -->11     1.369E-03
Node -->12     6.799E-04
********************************
 
Steady state soln at nl iter   5
Position(x) Precursor Concentration
 0.000     6.659E-04
 1.000     3.426E-04
 2.000     1.701E-04
 2.000     4.626E-04
 3.000     7.243E-03
 4.000     1.086E-02
 4.000     1.064E-02
 5.000     5.472E-03
 6.000     2.717E-03
 6.000     2.661E-03
 7.000     1.369E-03
 8.000     6.799E-04
 
Nonlinear iteration  6
Elemental matrices 
*****************************************
[A] element Matrix gaussian integration | element -->  1
     2.667E-01     1.333E-01    -6.667E-02
     1.333E-01     1.067E+00     1.333E-01
    -6.667E-02     1.333E-01     2.667E-01
[U] element Matrix gaussian integration | element -->  1
    -5.000E-01    -6.667E-01     1.667E-01
     6.667E-01     5.551E-17    -6.667E-01
    -1.667E-01     6.667E-01     5.000E-01
 
Start steady state assembly 
 
G Matrix | element -->  1
     6.848E+01     7.591E+01    -2.129E+01
    -5.742E+01     7.394E+01     7.591E+01
     1.205E+01    -5.742E+01     6.848E+01
 
W right Matrix | element -->  1
     0.000E+00     0.000E+00     0.000E+00
     0.000E+00     0.000E+00     0.000E+00
     0.000E+00     0.000E+00     1.000E+02
 
W left Matrix | element -->  1
     1.000E+02     0.000E+00     0.000E+00
     0.000E+00     0.000E+00     0.000E+00
     0.000E+00     0.000E+00     0.000E+00
 
left face vector | element -->   1
     6.799E-02
     0.000E+00
     0.000E+00
 
 
{q} element source vector | element -->  1
     0.000E+00     0.000E+00     0.000E+00
 
RHS final vector | element -->   1
     6.799E-02
     0.000E+00
     0.000E+00
 
inverse [G]^-1 matrix | element -->   1
     9.795E-03    -4.133E-03     7.626E-03
     5.039E-03     5.142E-03    -4.133E-03
     2.502E-03     5.039E-03     9.795E-03
 
Solution | element -->   1
Node --> 1     6.659E-04
Node --> 2     3.426E-04
Node --> 3     1.701E-04
********************************
 
Nonlinear iteration  6
Elemental matrices 
*****************************************
[A] element Matrix gaussian integration | element -->  2
     2.667E-01     1.333E-01    -6.667E-02
     1.333E-01     1.067E+00     1.333E-01
    -6.667E-02     1.333E-01     2.667E-01
[U] element Matrix gaussian integration | element -->  2
    -5.000E-01    -6.667E-01     1.667E-01
     6.667E-01     5.551E-17    -6.667E-01
    -1.667E-01     6.667E-01     5.000E-01
 
Start steady state assembly 
 
G Matrix | element -->  2
     6.848E+01     7.591E+01    -2.129E+01
    -5.742E+01     7.394E+01     7.591E+01
     1.205E+01    -5.742E+01     6.848E+01
 
W right Matrix | element -->  2
     0.000E+00     0.000E+00     0.000E+00
     0.000E+00     0.000E+00     0.000E+00
     0.000E+00     0.000E+00     1.000E+02
 
W left Matrix | element -->  2
     1.000E+02     0.000E+00     0.000E+00
     0.000E+00     0.000E+00     0.000E+00
     0.000E+00     0.000E+00     0.000E+00
 
left face vector | element -->   2
     1.701E-02
     0.000E+00
     0.000E+00
 
 
{q} element source vector | element -->  2
     3.333E-01     1.333E+00     3.333E-01
 
RHS final vector | element -->   2
     3.503E-01
     1.333E+00
     3.333E-01
 
inverse [G]^-1 matrix | element -->   2
     9.795E-03    -4.133E-03     7.626E-03
     5.039E-03     5.142E-03    -4.133E-03
     2.502E-03     5.039E-03     9.795E-03
 
Solution | element -->   2
Node --> 4     4.626E-04
Node --> 5     7.243E-03
Node --> 6     1.086E-02
********************************
 
Nonlinear iteration  6
Elemental matrices 
*****************************************
[A] element Matrix gaussian integration | element -->  3
     2.667E-01     1.333E-01    -6.667E-02
     1.333E-01     1.067E+00     1.333E-01
    -6.667E-02     1.333E-01     2.667E-01
[U] element Matrix gaussian integration | element -->  3
    -5.000E-01    -6.667E-01     1.667E-01
     6.667E-01     5.551E-17    -6.667E-01
    -1.667E-01     6.667E-01     5.000E-01
 
Start steady state assembly 
 
G Matrix | element -->  3
     6.848E+01     7.591E+01    -2.129E+01
    -5.742E+01     7.394E+01     7.591E+01
     1.205E+01    -5.742E+01     6.848E+01
 
W right Matrix | element -->  3
     0.000E+00     0.000E+00     0.000E+00
     0.000E+00     0.000E+00     0.000E+00
     0.000E+00     0.000E+00     1.000E+02
 
W left Matrix | element -->  3
     1.000E+02     0.000E+00     0.000E+00
     0.000E+00     0.000E+00     0.000E+00
     0.000E+00     0.000E+00     0.000E+00
 
left face vector | element -->   3
     1.086E+00
     0.000E+00
     0.000E+00
 
 
{q} element source vector | element -->  3
     0.000E+00     0.000E+00     0.000E+00
 
RHS final vector | element -->   3
     1.086E+00
     0.000E+00
     0.000E+00
 
inverse [G]^-1 matrix | element -->   3
     9.795E-03    -4.133E-03     7.626E-03
     5.039E-03     5.142E-03    -4.133E-03
     2.502E-03     5.039E-03     9.795E-03
 
Solution | element -->   3
Node --> 7     1.064E-02
Node --> 8     5.472E-03
Node --> 9     2.717E-03
********************************
 
Nonlinear iteration  6
Elemental matrices 
*****************************************
[A] element Matrix gaussian integration | element -->  4
     2.667E-01     1.333E-01    -6.667E-02
     1.333E-01     1.067E+00     1.333E-01
    -6.667E-02     1.333E-01     2.667E-01
[U] element Matrix gaussian integration | element -->  4
    -5.000E-01    -6.667E-01     1.667E-01
     6.667E-01     5.551E-17    -6.667E-01
    -1.667E-01     6.667E-01     5.000E-01
 
Start steady state assembly 
 
G Matrix | element -->  4
     6.848E+01     7.591E+01    -2.129E+01
    -5.742E+01     7.394E+01     7.591E+01
     1.205E+01    -5.742E+01     6.848E+01
 
W right Matrix | element -->  4
     0.000E+00     0.000E+00     0.000E+00
     0.000E+00     0.000E+00     0.000E+00
     0.000E+00     0.000E+00     1.000E+02
 
W left Matrix | element -->  4
     1.000E+02     0.000E+00     0.000E+00
     0.000E+00     0.000E+00     0.000E+00
     0.000E+00     0.000E+00     0.000E+00
 
left face vector | element -->   4
     2.717E-01
     0.000E+00
     0.000E+00
 
 
{q} element source vector | element -->  4
     0.000E+00     0.000E+00     0.000E+00
 
