Connectivity Matrix
Element: 1 -->    1    2    3
Element: 2 -->    3    4    5
Element: 3 -->    5    6    1
 
Global Coordinate Matrix
Node: 1 -->   1.000
Node: 2 -->   1.250
Node: 3 -->   1.500
Node: 4 -->   2.250
Node: 5 -->   3.000
Node: 6 -->   3.000
Node: 7 -->   3.000
 
Nonlinear iteration 1
K element Matrix analytic  1
  2.333333E+00 -2.666667E+00  3.333333E-01
 -2.666667E+00  5.333333E+00 -2.666667E+00
  3.333333E-01 -2.666667E+00  2.333333E+00
K element Matrix  element: 1
 -3.741850E-01  4.413945E-01 -6.720947E-02
  4.413945E-01 -1.211801E+00  7.704062E-01
 -6.720947E-02  7.704062E-01 -7.031968E-01
 
F element Matrix element:  1
  4.629629E+00  4.629629E+00  4.629629E+00
  4.629629E+00  4.629629E+00  4.629629E+00
  4.629629E+00  4.629629E+00  4.629629E+00
 
f element vector element:  1
           NaN           NaN           NaN
 
Nonlinear iteration 1
K element Matrix analytic  2
  4.666667E+00 -5.333333E+00  6.666667E-01
 -5.333333E+00  1.066667E+01 -5.333333E+00
  6.666667E-01 -5.333333E+00  4.666667E+00
K element Matrix  element: 2
 -1.201831E+00  1.378661E+00 -1.768306E-01
  1.378661E+00 -3.056705E+00  1.678043E+00
 -1.768306E-01  1.678043E+00 -1.501213E+00
 
F element Matrix element:  2
  4.629629E+00  4.629629E+00  4.629629E+00
  4.629629E+00  4.629629E+00  4.629629E+00
  4.629629E+00  4.629629E+00  4.629629E+00
 
f element vector element:  2
           NaN           NaN           NaN
 
Nonlinear iteration 1
K element Matrix analytic  3
  1.555556E+00 -1.777778E+00  2.222222E-01
 -1.777778E+00  3.555556E+00 -1.777778E+00
  2.222222E-01 -1.777778E+00  1.555556E+00
K element Matrix  element: 3
 -1.704808E+00  1.765792E+00 -6.098359E-02
  1.765792E+00 -2.340227E+00  5.744351E-01
 -6.098359E-02  5.744351E-01 -5.134515E-01
 
F element Matrix element:  3
  4.629629E+00  4.629629E+00  4.629629E+00
  4.629629E+00  4.629629E+00  4.629629E+00
  4.629629E+00  4.629629E+00  4.629629E+00
 
f element vector element:  3
           NaN           NaN           NaN
 
Nonlinear iteration 2
K element Matrix analytic  1
  2.333333E+00 -2.666667E+00  3.333333E-01
 -2.666667E+00  5.333333E+00 -2.666667E+00
  3.333333E-01 -2.666667E+00  2.333333E+00
K element Matrix  element: 1
 -1.704808E+00  1.765792E+00 -6.098359E-02
  1.765792E+00 -2.340227E+00  5.744351E-01
 -6.098359E-02  5.744351E-01 -5.134515E-01
 
F element Matrix element:  1
  1.113091E+01  1.113091E+01  1.113091E+01
  1.113091E+01  1.113091E+01  1.113091E+01
  1.113091E+01  1.113091E+01  1.113091E+01
 
f element vector element:  1
           NaN           NaN           NaN
 
Nonlinear iteration 2
K element Matrix analytic  2
  4.666667E+00 -5.333333E+00  6.666667E-01
 -5.333333E+00  1.066667E+01 -5.333333E+00
  6.666667E-01 -5.333333E+00  4.666667E+00
K element Matrix  element: 2
 -1.704808E+00  1.765792E+00 -6.098359E-02
  1.765792E+00 -2.340227E+00  5.744351E-01
 -6.098359E-02  5.744351E-01 -5.134515E-01
 
F element Matrix element:  2
  1.111854E+01  1.111854E+01  1.111854E+01
  1.111854E+01  1.111854E+01  1.111854E+01
  1.111854E+01  1.111854E+01  1.111854E+01
 
f element vector element:  2
           NaN           NaN           NaN
 
Nonlinear iteration 2
K element Matrix analytic  3
  1.555556E+00 -1.777778E+00  2.222222E-01
 -1.777778E+00  3.555556E+00 -1.777778E+00
  2.222222E-01 -1.777778E+00  1.555556E+00
K element Matrix  element: 3
 -1.704808E+00  1.765792E+00 -6.098359E-02
  1.765792E+00 -2.340227E+00  5.744351E-01
 -6.098359E-02  5.744351E-01 -5.134515E-01
 
F element Matrix element:  3
  1.111111E+01  1.111111E+01  1.111111E+01
  1.111111E+01  1.111111E+01  1.111111E+01
  1.111111E+01  1.111111E+01  1.111111E+01
 
f element vector element:  3
           NaN           NaN           NaN
 
Nonlinear iteration 3
K element Matrix analytic  1
  2.333333E+00 -2.666667E+00  3.333333E-01
 -2.666667E+00  5.333333E+00 -2.666667E+00
  3.333333E-01 -2.666667E+00  2.333333E+00
K element Matrix  element: 1
 -1.704808E+00  1.765792E+00 -6.098359E-02
  1.765792E+00 -2.340227E+00  5.744351E-01
 -6.098359E-02  5.744351E-01 -5.134515E-01
 
F element Matrix element:  1
  1.113091E+01  1.113091E+01  1.113091E+01
  1.113091E+01  1.113091E+01  1.113091E+01
  1.113091E+01  1.113091E+01  1.113091E+01
 
f element vector element:  1
           NaN           NaN           NaN
 
Nonlinear iteration 3
K element Matrix analytic  2
  4.666667E+00 -5.333333E+00  6.666667E-01
 -5.333333E+00  1.066667E+01 -5.333333E+00
  6.666667E-01 -5.333333E+00  4.666667E+00
K element Matrix  element: 2
 -1.704808E+00  1.765792E+00 -6.098359E-02
  1.765792E+00 -2.340227E+00  5.744351E-01
 -6.098359E-02  5.744351E-01 -5.134515E-01
 
F element Matrix element:  2
  1.111854E+01  1.111854E+01  1.111854E+01
  1.111854E+01  1.111854E+01  1.111854E+01
  1.111854E+01  1.111854E+01  1.111854E+01
 
f element vector element:  2
           NaN           NaN           NaN
 
Nonlinear iteration 3
K element Matrix analytic  3
  1.555556E+00 -1.777778E+00  2.222222E-01
 -1.777778E+00  3.555556E+00 -1.777778E+00
  2.222222E-01 -1.777778E+00  1.555556E+00
K element Matrix  element: 3
 -1.704808E+00  1.765792E+00 -6.098359E-02
  1.765792E+00 -2.340227E+00  5.744351E-01
 -6.098359E-02  5.744351E-01 -5.134515E-01
 
F element Matrix element:  3
  1.111111E+01  1.111111E+01  1.111111E+01
  1.111111E+01  1.111111E+01  1.111111E+01
  1.111111E+01  1.111111E+01  1.111111E+01
 
f element vector element:  3
           NaN           NaN           NaN
 
Nonlinear iteration 4
K element Matrix analytic  1
  2.333333E+00 -2.666667E+00  3.333333E-01
 -2.666667E+00  5.333333E+00 -2.666667E+00
  3.333333E-01 -2.666667E+00  2.333333E+00
K element Matrix  element: 1
 -1.704808E+00  1.765792E+00 -6.098359E-02
  1.765792E+00 -2.340227E+00  5.744351E-01
 -6.098359E-02  5.744351E-01 -5.134515E-01
 
F element Matrix element:  1
  1.113091E+01  1.113091E+01  1.113091E+01
  1.113091E+01  1.113091E+01  1.113091E+01
  1.113091E+01  1.113091E+01  1.113091E+01
 
f element vector element:  1
           NaN           NaN           NaN
 
Nonlinear iteration 4
K element Matrix analytic  2
  4.666667E+00 -5.333333E+00  6.666667E-01
 -5.333333E+00  1.066667E+01 -5.333333E+00
  6.666667E-01 -5.333333E+00  4.666667E+00
K element Matrix  element: 2
 -1.704808E+00  1.765792E+00 -6.098359E-02
  1.765792E+00 -2.340227E+00  5.744351E-01
 -6.098359E-02  5.744351E-01 -5.134515E-01
 
F element Matrix element:  2
  1.111854E+01  1.111854E+01  1.111854E+01
  1.111854E+01  1.111854E+01  1.111854E+01
  1.111854E+01  1.111854E+01  1.111854E+01
 
f element vector element:  2
           NaN           NaN           NaN
 
Nonlinear iteration 4
K element Matrix analytic  3
  1.555556E+00 -1.777778E+00  2.222222E-01
 -1.777778E+00  3.555556E+00 -1.777778E+00
  2.222222E-01 -1.777778E+00  1.555556E+00
K element Matrix  element: 3
 -1.704808E+00  1.765792E+00 -6.098359E-02
  1.765792E+00 -2.340227E+00  5.744351E-01
 -6.098359E-02  5.744351E-01 -5.134515E-01
 
F element Matrix element:  3
  1.111111E+01  1.111111E+01  1.111111E+01
  1.111111E+01  1.111111E+01  1.111111E+01
  1.111111E+01  1.111111E+01  1.111111E+01
 
f element vector element:  3
           NaN           NaN           NaN
 
Nonlinear iteration 5
K element Matrix analytic  1
  2.333333E+00 -2.666667E+00  3.333333E-01
 -2.666667E+00  5.333333E+00 -2.666667E+00
  3.333333E-01 -2.666667E+00  2.333333E+00
K element Matrix  element: 1
 -1.704808E+00  1.765792E+00 -6.098359E-02
  1.765792E+00 -2.340227E+00  5.744351E-01
 -6.098359E-02  5.744351E-01 -5.134515E-01
 
F element Matrix element:  1
  1.113091E+01  1.113091E+01  1.113091E+01
  1.113091E+01  1.113091E+01  1.113091E+01
  1.113091E+01  1.113091E+01  1.113091E+01
 
f element vector element:  1
           NaN           NaN           NaN
 
Nonlinear iteration 5
K element Matrix analytic  2
  4.666667E+00 -5.333333E+00  6.666667E-01
 -5.333333E+00  1.066667E+01 -5.333333E+00
  6.666667E-01 -5.333333E+00  4.666667E+00
K element Matrix  element: 2
 -1.704808E+00  1.765792E+00 -6.098359E-02
  1.765792E+00 -2.340227E+00  5.744351E-01
 -6.098359E-02  5.744351E-01 -5.134515E-01
 
F element Matrix element:  2
  1.111854E+01  1.111854E+01  1.111854E+01
  1.111854E+01  1.111854E+01  1.111854E+01
  1.111854E+01  1.111854E+01  1.111854E+01
 
f element vector element:  2
           NaN           NaN           NaN
 
Nonlinear iteration 5
K element Matrix analytic  3
  1.555556E+00 -1.777778E+00  2.222222E-01
 -1.777778E+00  3.555556E+00 -1.777778E+00
  2.222222E-01 -1.777778E+00  1.555556E+00
K element Matrix  element: 3
 -1.704808E+00  1.765792E+00 -6.098359E-02
  1.765792E+00 -2.340227E+00  5.744351E-01
 -6.098359E-02  5.744351E-01 -5.134515E-01
 
F element Matrix element:  3
  1.111111E+01  1.111111E+01  1.111111E+01
  1.111111E+01  1.111111E+01  1.111111E+01
  1.111111E+01  1.111111E+01  1.111111E+01
 
f element vector element:  3
           NaN           NaN           NaN
 
Nonlinear iteration 6
K element Matrix analytic  1
  2.333333E+00 -2.666667E+00  3.333333E-01
 -2.666667E+00  5.333333E+00 -2.666667E+00
  3.333333E-01 -2.666667E+00  2.333333E+00
K element Matrix  element: 1
 -1.704808E+00  1.765792E+00 -6.098359E-02
  1.765792E+00 -2.340227E+00  5.744351E-01
 -6.098359E-02  5.744351E-01 -5.134515E-01
 
F element Matrix element:  1
  1.113091E+01  1.113091E+01  1.113091E+01
  1.113091E+01  1.113091E+01  1.113091E+01
  1.113091E+01  1.113091E+01  1.113091E+01
 
f element vector element:  1
           NaN           NaN           NaN
 
Nonlinear iteration 6
K element Matrix analytic  2
  4.666667E+00 -5.333333E+00  6.666667E-01
 -5.333333E+00  1.066667E+01 -5.333333E+00
  6.666667E-01 -5.333333E+00  4.666667E+00
K element Matrix  element: 2
 -1.704808E+00  1.765792E+00 -6.098359E-02
  1.765792E+00 -2.340227E+00  5.744351E-01
 -6.098359E-02  5.744351E-01 -5.134515E-01
 
F element Matrix element:  2
  1.111854E+01  1.111854E+01  1.111854E+01
  1.111854E+01  1.111854E+01  1.111854E+01
  1.111854E+01  1.111854E+01  1.111854E+01
 
f element vector element:  2
           NaN           NaN           NaN
 
Nonlinear iteration 6
K element Matrix analytic  3
  1.555556E+00 -1.777778E+00  2.222222E-01
 -1.777778E+00  3.555556E+00 -1.777778E+00
  2.222222E-01 -1.777778E+00  1.555556E+00
K element Matrix  element: 3
 -1.704808E+00  1.765792E+00 -6.098359E-02
  1.765792E+00 -2.340227E+00  5.744351E-01
 -6.098359E-02  5.744351E-01 -5.134515E-01
 
F element Matrix element:  3
  1.111111E+01  1.111111E+01  1.111111E+01
  1.111111E+01  1.111111E+01  1.111111E+01
  1.111111E+01  1.111111E+01  1.111111E+01
 
f element vector element:  3
           NaN           NaN           NaN
 
Nonlinear iteration 7
K element Matrix analytic  1
  2.333333E+00 -2.666667E+00  3.333333E-01
 -2.666667E+00  5.333333E+00 -2.666667E+00
  3.333333E-01 -2.666667E+00  2.333333E+00
K element Matrix  element: 1
 -1.704808E+00  1.765792E+00 -6.098359E-02
  1.765792E+00 -2.340227E+00  5.744351E-01
 -6.098359E-02  5.744351E-01 -5.134515E-01
 
F element Matrix element:  1
  1.113091E+01  1.113091E+01  1.113091E+01
  1.113091E+01  1.113091E+01  1.113091E+01
  1.113091E+01  1.113091E+01  1.113091E+01
 
f element vector element:  1
           NaN           NaN           NaN
 
Nonlinear iteration 7
K element Matrix analytic  2
  4.666667E+00 -5.333333E+00  6.666667E-01
 -5.333333E+00  1.066667E+01 -5.333333E+00
  6.666667E-01 -5.333333E+00  4.666667E+00
K element Matrix  element: 2
 -1.704808E+00  1.765792E+00 -6.098359E-02
  1.765792E+00 -2.340227E+00  5.744351E-01
 -6.098359E-02  5.744351E-01 -5.134515E-01
 
F element Matrix element:  2
  1.111854E+01  1.111854E+01  1.111854E+01
  1.111854E+01  1.111854E+01  1.111854E+01
  1.111854E+01  1.111854E+01  1.111854E+01
 
f element vector element:  2
           NaN           NaN           NaN
 
Nonlinear iteration 7
K element Matrix analytic  3
  1.555556E+00 -1.777778E+00  2.222222E-01
 -1.777778E+00  3.555556E+00 -1.777778E+00
  2.222222E-01 -1.777778E+00  1.555556E+00
K element Matrix  element: 3
 -1.704808E+00  1.765792E+00 -6.098359E-02
  1.765792E+00 -2.340227E+00  5.744351E-01
 -6.098359E-02  5.744351E-01 -5.134515E-01
 
F element Matrix element:  3
  1.111111E+01  1.111111E+01  1.111111E+01
  1.111111E+01  1.111111E+01  1.111111E+01
  1.111111E+01  1.111111E+01  1.111111E+01
 
f element vector element:  3
           NaN           NaN           NaN
 
Nonlinear iteration 8
K element Matrix analytic  1
  2.333333E+00 -2.666667E+00  3.333333E-01
 -2.666667E+00  5.333333E+00 -2.666667E+00
  3.333333E-01 -2.666667E+00  2.333333E+00
K element Matrix  element: 1
 -1.704808E+00  1.765792E+00 -6.098359E-02
  1.765792E+00 -2.340227E+00  5.744351E-01
 -6.098359E-02  5.744351E-01 -5.134515E-01
 
F element Matrix element:  1
  1.113091E+01  1.113091E+01  1.113091E+01
  1.113091E+01  1.113091E+01  1.113091E+01
  1.113091E+01  1.113091E+01  1.113091E+01
 
f element vector element:  1
           NaN           NaN           NaN
 
Nonlinear iteration 8
K element Matrix analytic  2
  4.666667E+00 -5.333333E+00  6.666667E-01
 -5.333333E+00  1.066667E+01 -5.333333E+00
  6.666667E-01 -5.333333E+00  4.666667E+00
K element Matrix  element: 2
 -1.704808E+00  1.765792E+00 -6.098359E-02
  1.765792E+00 -2.340227E+00  5.744351E-01
 -6.098359E-02  5.744351E-01 -5.134515E-01
 
F element Matrix element:  2
  1.111854E+01  1.111854E+01  1.111854E+01
  1.111854E+01  1.111854E+01  1.111854E+01
  1.111854E+01  1.111854E+01  1.111854E+01
 
f element vector element:  2
           NaN           NaN           NaN
 
Nonlinear iteration 8
K element Matrix analytic  3
  1.555556E+00 -1.777778E+00  2.222222E-01
 -1.777778E+00  3.555556E+00 -1.777778E+00
  2.222222E-01 -1.777778E+00  1.555556E+00
K element Matrix  element: 3
 -1.704808E+00  1.765792E+00 -6.098359E-02
  1.765792E+00 -2.340227E+00  5.744351E-01
 -6.098359E-02  5.744351E-01 -5.134515E-01
 
F element Matrix element:  3
  1.111111E+01  1.111111E+01  1.111111E+01
  1.111111E+01  1.111111E+01  1.111111E+01
  1.111111E+01  1.111111E+01  1.111111E+01
 
f element vector element:  3
           NaN           NaN           NaN
 
Nonlinear iteration 9
K element Matrix analytic  1
  2.333333E+00 -2.666667E+00  3.333333E-01
 -2.666667E+00  5.333333E+00 -2.666667E+00
  3.333333E-01 -2.666667E+00  2.333333E+00
K element Matrix  element: 1
 -1.704808E+00  1.765792E+00 -6.098359E-02
  1.765792E+00 -2.340227E+00  5.744351E-01
 -6.098359E-02  5.744351E-01 -5.134515E-01
 
F element Matrix element:  1
  1.113091E+01  1.113091E+01  1.113091E+01
  1.113091E+01  1.113091E+01  1.113091E+01
  1.113091E+01  1.113091E+01  1.113091E+01
 
f element vector element:  1
           NaN           NaN           NaN
 
Nonlinear iteration 9
K element Matrix analytic  2
  4.666667E+00 -5.333333E+00  6.666667E-01
 -5.333333E+00  1.066667E+01 -5.333333E+00
  6.666667E-01 -5.333333E+00  4.666667E+00
K element Matrix  element: 2
 -1.704808E+00  1.765792E+00 -6.098359E-02
  1.765792E+00 -2.340227E+00  5.744351E-01
 -6.098359E-02  5.744351E-01 -5.134515E-01
 
F element Matrix element:  2
  1.111854E+01  1.111854E+01  1.111854E+01
  1.111854E+01  1.111854E+01  1.111854E+01
  1.111854E+01  1.111854E+01  1.111854E+01
 
f element vector element:  2
           NaN           NaN           NaN
 
Nonlinear iteration 9
K element Matrix analytic  3
  1.555556E+00 -1.777778E+00  2.222222E-01
 -1.777778E+00  3.555556E+00 -1.777778E+00
  2.222222E-01 -1.777778E+00  1.555556E+00
K element Matrix  element: 3
 -1.704808E+00  1.765792E+00 -6.098359E-02
  1.765792E+00 -2.340227E+00  5.744351E-01
 -6.098359E-02  5.744351E-01 -5.134515E-01
 
F element Matrix element:  3
  1.111111E+01  1.111111E+01  1.111111E+01
  1.111111E+01  1.111111E+01  1.111111E+01
  1.111111E+01  1.111111E+01  1.111111E+01
 
f element vector element:  3
           NaN           NaN           NaN
 
Nonlinear iteration10
K element Matrix analytic  1
  2.333333E+00 -2.666667E+00  3.333333E-01
 -2.666667E+00  5.333333E+00 -2.666667E+00
  3.333333E-01 -2.666667E+00  2.333333E+00
K element Matrix  element: 1
 -1.704808E+00  1.765792E+00 -6.098359E-02
  1.765792E+00 -2.340227E+00  5.744351E-01
 -6.098359E-02  5.744351E-01 -5.134515E-01
 
F element Matrix element:  1
  1.113091E+01  1.113091E+01  1.113091E+01
  1.113091E+01  1.113091E+01  1.113091E+01
  1.113091E+01  1.113091E+01  1.113091E+01
 
f element vector element:  1
           NaN           NaN           NaN
 
Nonlinear iteration10
K element Matrix analytic  2
  4.666667E+00 -5.333333E+00  6.666667E-01
 -5.333333E+00  1.066667E+01 -5.333333E+00
  6.666667E-01 -5.333333E+00  4.666667E+00
K element Matrix  element: 2
 -1.704808E+00  1.765792E+00 -6.098359E-02
  1.765792E+00 -2.340227E+00  5.744351E-01
 -6.098359E-02  5.744351E-01 -5.134515E-01
 
F element Matrix element:  2
  1.111854E+01  1.111854E+01  1.111854E+01
  1.111854E+01  1.111854E+01  1.111854E+01
  1.111854E+01  1.111854E+01  1.111854E+01
 
f element vector element:  2
           NaN           NaN           NaN
 
Nonlinear iteration10
K element Matrix analytic  3
  1.555556E+00 -1.777778E+00  2.222222E-01
 -1.777778E+00  3.555556E+00 -1.777778E+00
  2.222222E-01 -1.777778E+00  1.555556E+00
K element Matrix  element: 3
 -1.704808E+00  1.765792E+00 -6.098359E-02
  1.765792E+00 -2.340227E+00  5.744351E-01
 -6.098359E-02  5.744351E-01 -5.134515E-01
 
F element Matrix element:  3
  1.111111E+01  1.111111E+01  1.111111E+01
  1.111111E+01  1.111111E+01  1.111111E+01
  1.111111E+01  1.111111E+01  1.111111E+01
 
f element vector element:  3
           NaN           NaN           NaN
