Connectivity Matrix
Element: 1 -->    1    2    3
Element: 2 -->    3    4    5
Element: 3 -->    5    6    1
 
Global Coordinate Matrix
Node: 1 -->   0.000
Node: 2 -->   0.500
Node: 3 -->   1.000
Node: 4 -->   1.250
Node: 5 -->   1.500
Node: 6 -->   2.250
Node: 7 -->   3.000
 
Start steady state calculation
 
Nonlinear iteration  1
*****************************************
K element Matrix analytic: 1
  2.333333E+00 -2.666667E+00  3.333333E-01
 -2.666667E+00  5.333333E+00 -2.666667E+00
  3.333333E-01 -2.666667E+00  2.333333E+00
K element Matrix  element: 1
  2.333333E+00 -2.666667E+00  3.333334E-01
 -2.666667E+00  5.333334E+00 -2.666667E+00
  3.333334E-01 -2.666667E+00  2.333333E+00
 
F element Matrix element:  1
  5.772571E+00  5.772571E+00  5.772571E+00
  5.772571E+00  5.772571E+00  5.772571E+00
  5.772571E+00  5.772571E+00  5.772571E+00
 
f element vector element:  1
  2.496944E+00  2.227338E+01  1.756629E+01
*****************************************
 
Nonlinear iteration  1
*****************************************
K element Matrix analytic: 2
  4.666667E+00 -5.333333E+00  6.666667E-01
 -5.333333E+00  1.066667E+01 -5.333333E+00
  6.666667E-01 -5.333333E+00  4.666667E+00
K element Matrix  element: 2
  4.666667E+00 -5.333334E+00  6.666668E-01
 -5.333334E+00  1.066667E+01 -5.333334E+00
  6.666668E-01 -5.333334E+00  4.666667E+00
 
F element Matrix element:  2
  4.954679E+00  4.954679E+00  4.954679E+00
  4.954679E+00  4.954679E+00  4.954679E+00
  4.954679E+00  4.954679E+00  4.954679E+00
 
f element vector element:  2
  2.057143E+01  5.485714E+01  2.057143E+01
*****************************************
 
Nonlinear iteration  1
*****************************************
K element Matrix analytic: 3
  1.555556E+00 -1.777778E+00  2.222222E-01
 -1.777778E+00  3.555556E+00 -1.777778E+00
  2.222222E-01 -1.777778E+00  1.555556E+00
K element Matrix  element: 3
  1.555556E+00 -1.777778E+00  2.222223E-01
 -1.777778E+00  3.555556E+00 -1.777778E+00
  2.222223E-01 -1.777778E+00  1.555556E+00
 
F element Matrix element:  3
  6.454061E+00  6.454061E+00  6.454061E+00
  6.454061E+00  6.454061E+00  6.454061E+00
  6.454061E+00  6.454061E+00  6.454061E+00
 
f element vector element:  3
  6.335174E+00  1.689380E+01  6.335174E+00
*****************************************
 
Global Matrix - steady state after B.C. applied: 
  3.888889E+00 -2.666667E+00  3.333334E-01  0.000000E+00  2.222223E-01 -1.777778E+00
 -2.666667E+00  5.333334E+00 -2.666667E+00  0.000000E+00  0.000000E+00  0.000000E+00
  3.333334E-01 -2.666667E+00  7.000000E+00 -5.333334E+00  6.666668E-01  0.000000E+00
  0.000000E+00  0.000000E+00 -5.333334E+00  1.066667E+01 -5.333334E+00  0.000000E+00
  2.222223E-01  0.000000E+00  6.666668E-01 -5.333334E+00  6.222222E+00 -1.777778E+00
 -1.777778E+00  0.000000E+00  0.000000E+00  0.000000E+00 -1.777778E+00  3.555556E+00
 
Global vector source f - steady state after B.C. applied:  
  5.735409E+01  2.227338E+01  3.813772E+01  5.485714E+01  2.690660E+01  1.689380E+01
 
Factorization of Matrix K-steady state after B.C. applied: 
  3.888889E+00 -2.666667E+00  3.333334E-01  0.000000E+00  2.222223E-01 -1.777778E+00
 -6.857143E-01  3.504762E+00 -2.438095E+00  0.000000E+00  1.523810E-01 -1.219048E+00
  0.000000E+00  0.000000E+00 -5.333334E+00  1.066667E+01 -5.333334E+00  0.000000E+00
  8.571430E-02 -6.956522E-01 -9.891304E-01  5.217391E+00 -4.521739E+00 -6.956522E-01
 -4.571429E-01 -3.478261E-01  1.304348E-01 -2.666667E-01 -2.133333E+00  2.133333E+00
  5.714286E-02  4.347827E-02 -1.413044E-01 -7.333333E-01 -1.000000E+00 -1.332268E-15
 
Inversion of Matrix K- steady state after B.C. applied: 
 -7.505999E+14 -7.505999E+14 -7.505999E+14 -7.505999E+14 -7.505999E+14 -7.505999E+14
 -7.505999E+14 -7.505999E+14 -7.505999E+14 -7.505999E+14 -7.505999E+14 -7.505999E+14
 -7.505999E+14 -7.505999E+14 -7.505999E+14 -7.505999E+14 -7.505999E+14 -7.505999E+14
 -7.505999E+14 -7.505999E+14 -7.505999E+14 -7.505999E+14 -7.505999E+14 -7.505999E+14
 -7.505999E+14 -7.505999E+14 -7.505999E+14 -7.505999E+14 -7.505999E+14 -7.505999E+14
 -7.505999E+14 -7.505999E+14 -7.505999E+14 -7.505999E+14 -7.505999E+14 -7.505999E+14
