Connectivity Matrix
Element: 1 -->   11    2    3
Element: 2 -->    3    4    5
Element: 3 -->    5    6    7
Element: 4 -->    7    8    9
Element: 5 -->    9   10   11
 
Global Coordinate Matrix
Node: 1 -->   1.000
Node: 2 -->   1.250
Node: 3 -->   1.500
Node: 4 -->   2.250
Node: 5 -->   3.000
Node: 6 -->   4.000
Node: 7 -->   5.000
Node: 8 -->   5.500
Node: 9 -->   6.000
Node:10 -->   6.000
Node:11 -->   6.000
 
At time    0.000
Nonlinear iter:  0
M element Matrix analytical:  1
  1.333333E-01  6.666667E-02 -3.333334E-02
  6.666667E-02  5.333334E-01  6.666667E-02
 -3.333334E-02  6.666667E-02  1.333333E-01
 
M element Matrix gauss:  1
  1.333334E-01  6.666667E-02 -3.333333E-02
  6.666667E-02  5.333333E-01  6.666668E-02
 -3.333333E-02  6.666668E-02  1.333334E-01
 
 
At time    0.000
Nonlinear iter:  0
M element Matrix analytical:  2
  6.666667E-02  3.333334E-02 -1.666667E-02
  3.333334E-02  2.666667E-01  3.333334E-02
 -1.666667E-02  3.333334E-02  6.666667E-02
 
M element Matrix gauss:  2
  6.666668E-02  3.333334E-02 -1.666667E-02
  3.333334E-02  2.666667E-01  3.333334E-02
 -1.666667E-02  3.333334E-02  6.666668E-02
 
 
At time    0.000
Nonlinear iter:  0
M element Matrix analytical:  3
  2.000000E-01  1.000000E-01 -5.000000E-02
  1.000000E-01  8.000000E-01  1.000000E-01
 -5.000000E-02  1.000000E-01  2.000000E-01
 
M element Matrix gauss:  3
  2.000000E-01  1.000000E-01 -5.000000E-02
  1.000000E-01  8.000000E-01  1.000000E-01
 -5.000000E-02  1.000000E-01  2.000000E-01
 
 
At time    0.000
Nonlinear iter:  0
M element Matrix analytical:  4
  2.666667E-01  1.333333E-01 -6.666667E-02
  1.333333E-01  1.066667E+00  1.333333E-01
 -6.666667E-02  1.333333E-01  2.666667E-01
 
M element Matrix gauss:  4
  2.666667E-01  1.333333E-01 -6.666666E-02
  1.333333E-01  1.066667E+00  1.333334E-01
 -6.666666E-02  1.333334E-01  2.666667E-01
 
 
At time    0.000
Nonlinear iter:  0
M element Matrix analytical:  5
  1.333333E-01  6.666667E-02 -3.333334E-02
  6.666667E-02  5.333334E-01  6.666667E-02
 -3.333334E-02  6.666667E-02  1.333333E-01
 
M element Matrix gauss:  5
  1.333334E-01  6.666667E-02 -3.333333E-02
  6.666667E-02  5.333333E-01  6.666668E-02
 -3.333333E-02  6.666668E-02  1.333334E-01
 
 
At time    0.000
Nonlinear iter:  1
M element Matrix analytical:  1
  1.333333E-01  6.666667E-02 -3.333334E-02
  6.666667E-02  5.333334E-01  6.666667E-02
 -3.333334E-02  6.666667E-02  1.333333E-01
 
M element Matrix gauss:  1
  1.333334E-01  6.666667E-02 -3.333333E-02
  6.666667E-02  5.333333E-01  6.666668E-02
 -3.333333E-02  6.666668E-02  1.333334E-01
 
 
At time    0.000
Nonlinear iter:  1
M element Matrix analytical:  2
  6.666667E-02  3.333334E-02 -1.666667E-02
  3.333334E-02  2.666667E-01  3.333334E-02
 -1.666667E-02  3.333334E-02  6.666667E-02
 
M element Matrix gauss:  2
  6.666668E-02  3.333334E-02 -1.666667E-02
  3.333334E-02  2.666667E-01  3.333334E-02
 -1.666667E-02  3.333334E-02  6.666668E-02
 
 
At time    0.000
Nonlinear iter:  1
M element Matrix analytical:  3
  2.000000E-01  1.000000E-01 -5.000000E-02
  1.000000E-01  8.000000E-01  1.000000E-01
 -5.000000E-02  1.000000E-01  2.000000E-01
 
M element Matrix gauss:  3
  2.000000E-01  1.000000E-01 -5.000000E-02
  1.000000E-01  8.000000E-01  1.000000E-01
 -5.000000E-02  1.000000E-01  2.000000E-01
 
 
At time    0.000
Nonlinear iter:  1
M element Matrix analytical:  4
  2.666667E-01  1.333333E-01 -6.666667E-02
  1.333333E-01  1.066667E+00  1.333333E-01
 -6.666667E-02  1.333333E-01  2.666667E-01
 
M element Matrix gauss:  4
  2.666667E-01  1.333333E-01 -6.666666E-02
  1.333333E-01  1.066667E+00  1.333334E-01
 -6.666666E-02  1.333334E-01  2.666667E-01
 
 
At time    0.000
Nonlinear iter:  1
M element Matrix analytical:  5
  1.333333E-01  6.666667E-02 -3.333334E-02
  6.666667E-02  5.333334E-01  6.666667E-02
 -3.333334E-02  6.666667E-02  1.333333E-01
 
M element Matrix gauss:  5
  1.333334E-01  6.666667E-02 -3.333333E-02
  6.666667E-02  5.333333E-01  6.666668E-02
 -3.333333E-02  6.666668E-02  1.333334E-01
 
 
At time    0.500
Nonlinear iter:  0
M element Matrix analytical:  1
  1.333333E-01  6.666667E-02 -3.333334E-02
  6.666667E-02  5.333334E-01  6.666667E-02
 -3.333334E-02  6.666667E-02  1.333333E-01
 
M element Matrix gauss:  1
  1.333334E-01  6.666667E-02 -3.333333E-02
  6.666667E-02  5.333333E-01  6.666668E-02
 -3.333333E-02  6.666668E-02  1.333334E-01
 
 
At time    0.500
Nonlinear iter:  0
M element Matrix analytical:  2
  6.666667E-02  3.333334E-02 -1.666667E-02
  3.333334E-02  2.666667E-01  3.333334E-02
 -1.666667E-02  3.333334E-02  6.666667E-02
 
M element Matrix gauss:  2
  6.666668E-02  3.333334E-02 -1.666667E-02
  3.333334E-02  2.666667E-01  3.333334E-02
 -1.666667E-02  3.333334E-02  6.666668E-02
 
 
At time    0.500
Nonlinear iter:  0
M element Matrix analytical:  3
  2.000000E-01  1.000000E-01 -5.000000E-02
  1.000000E-01  8.000000E-01  1.000000E-01
 -5.000000E-02  1.000000E-01  2.000000E-01
 
M element Matrix gauss:  3
  2.000000E-01  1.000000E-01 -5.000000E-02
  1.000000E-01  8.000000E-01  1.000000E-01
 -5.000000E-02  1.000000E-01  2.000000E-01
 
 
At time    0.500
Nonlinear iter:  0
M element Matrix analytical:  4
  2.666667E-01  1.333333E-01 -6.666667E-02
  1.333333E-01  1.066667E+00  1.333333E-01
 -6.666667E-02  1.333333E-01  2.666667E-01
 
M element Matrix gauss:  4
  2.666667E-01  1.333333E-01 -6.666666E-02
  1.333333E-01  1.066667E+00  1.333334E-01
 -6.666666E-02  1.333334E-01  2.666667E-01
 
 
At time    0.500
Nonlinear iter:  0
M element Matrix analytical:  5
  1.333333E-01  6.666667E-02 -3.333334E-02
  6.666667E-02  5.333334E-01  6.666667E-02
 -3.333334E-02  6.666667E-02  1.333333E-01
 
M element Matrix gauss:  5
  1.333334E-01  6.666667E-02 -3.333333E-02
  6.666667E-02  5.333333E-01  6.666668E-02
 -3.333333E-02  6.666668E-02  1.333334E-01
 
 
At time    0.500
Nonlinear iter:  1
M element Matrix analytical:  1
  1.333333E-01  6.666667E-02 -3.333334E-02
  6.666667E-02  5.333334E-01  6.666667E-02
 -3.333334E-02  6.666667E-02  1.333333E-01
 
M element Matrix gauss:  1
  1.333334E-01  6.666667E-02 -3.333333E-02
  6.666667E-02  5.333333E-01  6.666668E-02
 -3.333333E-02  6.666668E-02  1.333334E-01
 
 
At time    0.500
Nonlinear iter:  1
M element Matrix analytical:  2
  6.666667E-02  3.333334E-02 -1.666667E-02
  3.333334E-02  2.666667E-01  3.333334E-02
 -1.666667E-02  3.333334E-02  6.666667E-02
 
M element Matrix gauss:  2
  6.666668E-02  3.333334E-02 -1.666667E-02
  3.333334E-02  2.666667E-01  3.333334E-02
 -1.666667E-02  3.333334E-02  6.666668E-02
 
 
At time    0.500
Nonlinear iter:  1
M element Matrix analytical:  3
  2.000000E-01  1.000000E-01 -5.000000E-02
  1.000000E-01  8.000000E-01  1.000000E-01
 -5.000000E-02  1.000000E-01  2.000000E-01
 
M element Matrix gauss:  3
  2.000000E-01  1.000000E-01 -5.000000E-02
  1.000000E-01  8.000000E-01  1.000000E-01
 -5.000000E-02  1.000000E-01  2.000000E-01
 
 
At time    0.500
Nonlinear iter:  1
M element Matrix analytical:  4
  2.666667E-01  1.333333E-01 -6.666667E-02
  1.333333E-01  1.066667E+00  1.333333E-01
 -6.666667E-02  1.333333E-01  2.666667E-01
 
M element Matrix gauss:  4
  2.666667E-01  1.333333E-01 -6.666666E-02
  1.333333E-01  1.066667E+00  1.333334E-01
 -6.666666E-02  1.333334E-01  2.666667E-01
 
 
At time    0.500
Nonlinear iter:  1
M element Matrix analytical:  5
  1.333333E-01  6.666667E-02 -3.333334E-02
  6.666667E-02  5.333334E-01  6.666667E-02
 -3.333334E-02  6.666667E-02  1.333333E-01
 
M element Matrix gauss:  5
  1.333334E-01  6.666667E-02 -3.333333E-02
  6.666667E-02  5.333333E-01  6.666668E-02
 -3.333333E-02  6.666668E-02  1.333334E-01
 
 
At time    1.000
Nonlinear iter:  0
M element Matrix analytical:  1
  1.333333E-01  6.666667E-02 -3.333334E-02
  6.666667E-02  5.333334E-01  6.666667E-02
 -3.333334E-02  6.666667E-02  1.333333E-01
 
M element Matrix gauss:  1
  1.333334E-01  6.666667E-02 -3.333333E-02
  6.666667E-02  5.333333E-01  6.666668E-02
 -3.333333E-02  6.666668E-02  1.333334E-01
 
 
At time    1.000
Nonlinear iter:  0
M element Matrix analytical:  2
  6.666667E-02  3.333334E-02 -1.666667E-02
  3.333334E-02  2.666667E-01  3.333334E-02
 -1.666667E-02  3.333334E-02  6.666667E-02
 
M element Matrix gauss:  2
  6.666668E-02  3.333334E-02 -1.666667E-02
  3.333334E-02  2.666667E-01  3.333334E-02
 -1.666667E-02  3.333334E-02  6.666668E-02
 
 
At time    1.000
Nonlinear iter:  0
M element Matrix analytical:  3
  2.000000E-01  1.000000E-01 -5.000000E-02
  1.000000E-01  8.000000E-01  1.000000E-01
 -5.000000E-02  1.000000E-01  2.000000E-01
 
M element Matrix gauss:  3
  2.000000E-01  1.000000E-01 -5.000000E-02
  1.000000E-01  8.000000E-01  1.000000E-01
 -5.000000E-02  1.000000E-01  2.000000E-01
 
 
At time    1.000
Nonlinear iter:  0
M element Matrix analytical:  4
  2.666667E-01  1.333333E-01 -6.666667E-02
  1.333333E-01  1.066667E+00  1.333333E-01
 -6.666667E-02  1.333333E-01  2.666667E-01
 
M element Matrix gauss:  4
  2.666667E-01  1.333333E-01 -6.666666E-02
  1.333333E-01  1.066667E+00  1.333334E-01
 -6.666666E-02  1.333334E-01  2.666667E-01
 
 
At time    1.000
Nonlinear iter:  0
M element Matrix analytical:  5
  1.333333E-01  6.666667E-02 -3.333334E-02
  6.666667E-02  5.333334E-01  6.666667E-02
 -3.333334E-02  6.666667E-02  1.333333E-01
 
M element Matrix gauss:  5
  1.333334E-01  6.666667E-02 -3.333333E-02
  6.666667E-02  5.333333E-01  6.666668E-02
 -3.333333E-02  6.666668E-02  1.333334E-01
 
 
At time    1.000
Nonlinear iter:  1
M element Matrix analytical:  1
  1.333333E-01  6.666667E-02 -3.333334E-02
  6.666667E-02  5.333334E-01  6.666667E-02
 -3.333334E-02  6.666667E-02  1.333333E-01
 
M element Matrix gauss:  1
  1.333334E-01  6.666667E-02 -3.333333E-02
  6.666667E-02  5.333333E-01  6.666668E-02
 -3.333333E-02  6.666668E-02  1.333334E-01
 
 
At time    1.000
Nonlinear iter:  1
M element Matrix analytical:  2
  6.666667E-02  3.333334E-02 -1.666667E-02
  3.333334E-02  2.666667E-01  3.333334E-02
 -1.666667E-02  3.333334E-02  6.666667E-02
 
M element Matrix gauss:  2
  6.666668E-02  3.333334E-02 -1.666667E-02
  3.333334E-02  2.666667E-01  3.333334E-02
 -1.666667E-02  3.333334E-02  6.666668E-02
 
 
At time    1.000
Nonlinear iter:  1
M element Matrix analytical:  3
  2.000000E-01  1.000000E-01 -5.000000E-02
  1.000000E-01  8.000000E-01  1.000000E-01
 -5.000000E-02  1.000000E-01  2.000000E-01
 
M element Matrix gauss:  3
  2.000000E-01  1.000000E-01 -5.000000E-02
  1.000000E-01  8.000000E-01  1.000000E-01
 -5.000000E-02  1.000000E-01  2.000000E-01
 
 
At time    1.000
Nonlinear iter:  1
M element Matrix analytical:  4
  2.666667E-01  1.333333E-01 -6.666667E-02
  1.333333E-01  1.066667E+00  1.333333E-01
 -6.666667E-02  1.333333E-01  2.666667E-01
 
M element Matrix gauss:  4
  2.666667E-01  1.333333E-01 -6.666666E-02
  1.333333E-01  1.066667E+00  1.333334E-01
 -6.666666E-02  1.333334E-01  2.666667E-01
 
 
At time    1.000
Nonlinear iter:  1
M element Matrix analytical:  5
  1.333333E-01  6.666667E-02 -3.333334E-02
  6.666667E-02  5.333334E-01  6.666667E-02
 -3.333334E-02  6.666667E-02  1.333333E-01
 
M element Matrix gauss:  5
  1.333334E-01  6.666667E-02 -3.333333E-02
  6.666667E-02  5.333333E-01  6.666668E-02
 -3.333333E-02  6.666668E-02  1.333334E-01
 
